$SPEC_ID:
No sample description was entered.
$SPEC_REM:
DET# 2
DETDESC# SPACESCIENCE8 digiBASE-RH SN 15121449
AP# Maestro Version 7.01
$DATE_MEA:
09/30/2024 14:41:38
$MEAS_TIM:
297 300
$DATA:
0 1023
       0
       0
       0
       0
       0
       0
       0
       0
       0
       0
    2203
    7607
    6508
    5630
    5459
    5881
    6783
    8411
   10423
   13047
   16443
   20153
   23791
   27943
   30821
   33381
   34946
   35504
   34992
   32906
   30293
   26756
   23251
   19017
   15526
   12201
    9381
    6964
    5075
    3693
    2646
    1912
    1308
     973
     748
     541
     504
     416
     373
     326
     331
     282
     282
     268
     271
     281
     225
     217
     233
     220
     249
     200
     181
     189
     185
     183
     181
     153
     168
     163
     166
     156
     144
     137
     131
     152
     142
     139
     127
     135
     114
     139
     135
     134
     130
     112
     103
     118
     129
     114
     109
     126
     107
      88
     102
     116
     110
      94
     116
     104
     113
     101
     100
     100
     100
      89
      98
      94
     101
     108
      98
      88
      86
      76
      77
      67
      78
      84
      66
      78
      68
      89
      69
      69
      87
      62
      64
      52
      77
      57
      64
      67
      60
      59
      61
      59
      53
      48
      58
      68
      77
      52
      65
      71
      52
      52
      56
      57
      53
      35
      52
      44
      52
      42
      43
      45
      47
      44
      46
      54
      41
      46
      49
      46
      40
      39
      41
      43
      51
      44
      38
      42
      44
      41
      38
      54
      48
      44
      36
      41
      42
      37
      37
      38
      40
      48
      28
      26
      33
      34
      35
      43
      26
      30
      31
      29
      43
      31
      28
      40
      20
      24
      26
      25
      24
      19
      25
      23
      23
      22
      35
      16
      20
      25
      21
      26
      28
      16
      27
      20
      20
      20
      20
      21
      28
      17
      15
      21
      21
      15
      20
      20
      18
      25
      26
      26
      18
      22
      30
      18
      22
      27
      33
      21
      20
      29
      14
      16
      20
      20
      21
      20
      13
      23
      16
      21
      14
      18
      19
      18
      22
      17
      17
      15
      16
      23
      21
      12
      24
      17
      19
      22
      16
      21
      23
      13
      17
      30
      26
      19
      15
      20
      10
      23
      13
      13
      14
      15
      21
      16
      24
      18
      21
      12
       6
      13
      18
      29
      25
      29
      20
      22
      20
      22
      24
      23
      17
      16
      25
      26
      21
      25
      23
      19
      12
      25
      21
      26
      24
      15
      24
      24
      25
      22
      19
      17
      22
      20
      19
      15
      25
      29
      28
      11
      27
      21
      23
      16
      28
      28
      28
      19
      30
      22
      16
      24
      22
      18
      14
      24
      18
      28
      24
      16
      21
      13
      20
      16
      18
      15
       9
      13
      20
      13
      17
      12
       8
      13
      16
      14
      13
      12
      10
       6
       9
      10
      12
      13
      10
      11
       2
      13
       9
       8
       9
       7
       7
      10
       8
       8
       9
       6
      10
       5
      10
       3
       8
      17
      10
      13
       7
      10
      10
      10
       7
      10
       4
       6
       7
       8
      10
      12
       5
      12
       4
      12
      10
      10
       4
       1
       7
       9
       7
      10
      11
       4
       7
      10
       3
      10
       7
      18
       9
       6
       5
       5
       2
       6
      10
       6
       8
       6
       5
       3
       7
       7
       4
       8
       4
      10
       9
      10
       6
       3
       6
       6
       6
       5
      11
       5
      10
       6
       9
       6
      10
      16
       8
       7
       7
       3
       7
       6
       7
       4
       4
       7
      11
       4
       9
       4
       7
       7
       9
       8
       7
       8
       4
       4
       7
      12
       7
       4
       1
      11
       6
       5
       7
      10
       6
       5
       7
       4
       8
       9
       7
       9
       4
       9
       5
       6
       5
       6
       7
       3
       2
       6
       3
       8
       5
       3
       6
       7
       2
       6
       2
       9
       5
       6
       1
       1
       6
       5
       3
       4
       5
       6
       3
       7
       4
       3
       2
       2
       3
       7
       7
       3
       8
       5
       7
       2
       7
       6
       5
       6
       5
       4
       5
       6
       6
       9
       5
       7
       7
      10
       1
       2
       0
       7
       1
       5
       6
       3
       8
       5
       5
       3
       8
       4
       6
       4
       1
       8
       8
       8
       3
       1
       6
       8
       6
       9
       6
       4
       2
       6
       5
       8
       4
       3
       4
       2
       6
       5
       3
       5
       2
       3
       6
       4
       8
       5
       1
       1
       7
       9
       4
       4
       2
       3
       5
       3
       4
       3
       2
       2
       3
       5
       4
       3
       1
       2
       4
       2
       3
       2
       5
       3
       3
       3
       2
       2
       2
       4
       5
       4
       5
       2
       3
       3
       3
       3
       3
       4
       1
       4
       0
       1
       2
       1
       2
       4
       4
       5
       3
       5
       2
       3
       1
       1
       3
       1
       5
       2
       1
       0
       0
       3
       3
       5
       3
       1
       4
       3
       4
       4
       5
       3
       2
       6
       3
       1
       3
       3
       3
       3
       2
       4
       8
       1
       5
       4
       4
       3
       2
       9
       4
       4
       0
       3
       5
       7
       3
       3
       3
       5
       0
       2
       2
       5
       2
       4
       5
       6
       8
       5
       7
       4
       4
       5
       8
       5
       4
      12
       7
       4
       5
      10
       6
       4
       8
       5
       5
       9
       5
       5
       6
      10
       8
       8
       5
       9
      10
       9
       5
       7
       6
       7
       7
      12
       8
       6
       7
      12
       4
      15
       5
      11
      11
      11
       7
       9
      12
       9
       5
       8
      10
       3
       6
       4
       7
       5
       4
       8
       4
       7
       3
       4
       7
       6
       6
       3
       8
       6
       4
       5
       6
       4
       8
       4
       1
       6
       5
       1
       5
       3
       0
       5
       3
       3
       5
       1
       3
       3
       1
       0
       2
       1
       3
       1
       3
       3
       2
       1
       2
       3
       2
       3
       2
       2
       0
       1
       1
       4
       0
       4
       2
       1
       1
       2
       0
       0
       1
       1
       1
       6
       0
       0
       1
       0
       0
       0
       1
       1
       4
       4
       4
       0
       0
       0
       2
       0
       0
       2
       5
       1
       1
       0
       4
       3
       2
       1
       1
       2
       3
       0
       3
       1
       2
       4
       1
       0
       3
       1
       0
       4
       0
       2
       2
       3
       3
       2
       2
       1
       4
       1
       2
       3
       0
       1
       2
       3
       0
       2
       2
       0
       2
       5
       3
       2
       2
       2
       2
       4
       1
       3
       2
       2
       0
       1
       1
       3
       0
       2
       2
       3
       7
       3
       3
       0
       0
       3
       2
       2
       6
       0
       2
       1
       0
       2
       1
       3
       1
       1
       0
       2
       2
       0
       2
       1
       2
       0
       0
       0
       1
       1
       0
       2
       2
       2
       2
       0
       2
       2
       1
       0
       0
       1
       1
       1
       3
       2
       0
       0
       0
       1
       2
       1
       2
       0
       3
       1
       2
       0
       1
       1
       0
       2
       2
       0
       0
       0
       0
       1
       1
       0
       3
       0
       1
       2
       0
       2
       0
       1
       1
       3
       1
       0
       0
       0
       0
       1
       0
       2
       0
       2
       1
       3
       0
       0
       0
       0
       0
       0
       2
       0
$ROI:
4
10 146
279 400
564 664
667 763
$PRESETS:
None
0
0
$ENER_FIT:
0.000000 2.191293
$MCA_CAL:
3
0.000000E+000 2.191293E+000 0.000000E+000 keV
$SHAPE_CAL:
3
1.167119E+001 0.000000E+000 0.000000E+000
