$SPEC_ID:
No sample description was entered.
$SPEC_REM:
DET# 1
DETDESC# SPACESCIENCE4 digiBASE-RH SN 15121435
AP# Maestro Version 7.01
$DATE_MEA:
10/02/2024 14:25:49
$MEAS_TIM:
299 300
$DATA:
0 1023
       0
       0
       0
       0
       0
     367
    1279
    1458
    2217
    3228
    4724
    6537
    8548
    9928
   10500
   10073
    8498
    6860
    5133
    4068
    3563
    3896
    4906
    6245
    8446
   10503
   12753
   14619
   15775
   16160
   15181
   13674
   11421
    8757
    6568
    4453
    2944
    1980
    1223
     754
     552
     408
     341
     252
     277
     290
     284
     263
     252
     284
     278
     254
     259
     241
     238
     226
     211
     218
     203
     206
     215
     170
     208
     178
     178
     179
     180
     198
     182
     163
     170
     155
     177
     144
     155
     166
     142
     111
     142
     115
     127
     133
     123
     137
     121
     128
     112
     111
     113
     132
     115
      94
      94
     112
     113
      86
      85
      93
      78
      98
     102
      96
      74
      85
      77
      94
      88
      89
      98
      75
      70
      70
      58
      70
      70
      65
      61
      66
      52
      75
      59
      51
      66
      55
      64
      49
      65
      60
      57
      60
      53
      54
      47
      44
      51
      36
      35
      51
      51
      39
      50
      28
      50
      52
      42
      40
      41
      47
      38
      40
      42
      41
      32
      43
      29
      42
      41
      34
      32
      35
      28
      35
      41
      23
      35
      25
      27
      35
      17
      28
      30
      26
      25
      20
      23
      18
      30
      17
      18
      18
      16
      12
      29
      24
      19
      18
      23
      25
      25
      24
      25
      28
      14
      18
      14
      26
      25
      21
      15
      17
      15
      21
      17
      13
      17
      12
      18
      11
      19
      16
      13
      11
      21
      19
      10
      15
      16
      11
       8
      13
      15
      15
      17
      15
      18
      15
      16
      13
      13
      14
      14
      11
      12
      12
      15
      13
       9
      13
      19
       8
      14
      11
      13
      10
      16
      16
      15
      12
      14
      12
      12
      17
      17
      10
       7
       8
      14
      16
      13
       8
       8
      13
      18
       6
       9
       9
      14
      10
      15
       8
       6
      12
      14
      10
      15
      16
      15
      14
       7
       6
      10
      11
      16
      10
      16
      12
      13
      13
      10
      16
      10
      13
      11
      12
       9
       9
      14
       7
      13
       7
       7
      11
       7
       9
      15
      14
       5
       7
      11
      11
      12
       8
      10
       8
       8
      11
       9
      10
       7
       3
      11
      11
      17
       8
       5
      10
       6
       9
       9
       9
       9
      12
       2
       4
      10
       6
       5
       5
       5
       7
       3
       7
       6
       3
       4
       6
       6
       8
       7
       5
       2
       3
       8
       2
       3
       7
       6
       7
       1
       1
       6
       4
       9
       8
       2
       6
       4
       8
       5
       6
       1
       0
       0
       7
       3
       4
       5
       7
       4
       5
       4
       8
       7
       4
       2
       4
       3
       2
       3
       2
       5
       5
       8
       2
       8
       9
       5
       4
       5
       5
       3
       2
       4
       3
       5
       7
       2
       4
       1
       2
       3
       4
       3
       2
       4
       4
       7
       1
       7
       5
       3
       6
       2
       4
       5
       7
       5
       2
       3
       6
       6
       3
       2
       4
       5
       5
       6
       7
       6
       3
       3
       4
       2
       3
       2
       4
       4
       0
       4
       3
       2
       0
       5
       1
       3
       6
       2
       4
       1
       3
       3
       2
       1
       6
       6
       0
       2
       5
       3
       1
       4
       5
       2
       5
       7
       5
       2
       4
       3
       2
       1
       4
       2
       2
       4
       4
       3
       3
       4
       2
       1
       4
       9
       1
       3
       2
       2
       2
       5
       1
       5
       3
       1
       2
       3
       6
       1
       2
       3
       6
       4
       1
       5
       0
       5
       2
       1
       7
       2
       0
       3
       3
       9
       4
       2
       4
       3
       3
       3
       0
       1
       3
       4
       1
       2
       2
       1
       4
       2
       1
       2
       2
       2
       1
       2
       3
       0
       2
       0
       3
       1
       0
       3
       1
       2
       2
       1
       1
       1
       2
       2
       4
       2
       2
       5
       0
       2
       0
       3
       1
       1
       1
       5
       0
       0
       3
       1
       3
       1
       3
       3
       3
       0
       3
       2
       5
       3
       1
       0
       3
       2
       0
       4
       2
       1
       3
       1
       4
       2
       4
       8
       1
       2
       1
       1
       1
       3
       7
       5
       4
       4
       5
       6
       1
       4
       1
       1
       2
       2
       4
       3
       4
       3
       3
       1
       3
       2
       1
       3
       4
       3
       2
       4
       2
       2
       4
       2
       1
       0
       2
       1
       1
       3
       1
       3
       3
       1
       1
       0
       1
       0
       1
       1
       2
       1
       0
       2
       0
       0
       1
       2
       1
       1
       1
       0
       3
       6
       2
       0
       1
       1
       0
       0
       2
       0
       1
       1
       2
       2
       0
       2
       1
       2
       0
       1
       0
       0
       1
       2
       2
       0
       1
       5
       1
       1
       1
       0
       2
       4
       0
       0
       0
       2
       0
       3
       3
       0
       1
       2
       0
       0
       0
       0
       1
       0
       2
       1
       0
       1
       2
       1
       0
       1
       0
       2
       1
       0
       2
       0
       1
       1
       1
       4
       2
       0
       1
       1
       1
       0
       0
       0
       2
       0
       3
       1
       2
       2
       0
       0
       1
       0
       0
       0
       2
       1
       1
       1
       1
       1
       0
       0
       0
       1
       2
       0
       0
       1
       0
       0
       0
       0
       0
       1
       0
       0
       1
       0
       2
       0
       0
       0
       0
       1
       0
       0
       1
       0
       0
       0
       1
       0
       1
       0
       1
       0
       0
       1
       0
       1
       0
       0
       1
       0
       2
       1
       0
       1
       0
       2
       0
       0
       0
       0
       1
       1
       0
       0
       0
       0
       2
       1
       1
       0
       0
       0
       0
       0
       0
       0
       0
       0
       0
       0
       1
       1
       0
       0
       0
       1
       2
       0
       0
       1
       0
       0
       1
       0
       1
       0
       0
       0
       0
       0
       1
       0
       0
       1
       1
       0
       1
       0
       0
       0
       1
       1
       0
       1
       1
       1
       0
       0
       1
       0
       0
       1
       1
       0
       0
       1
       0
       0
       0
       0
       0
       1
       0
       0
       1
       0
       0
       1
       0
       0
       0
       0
       0
       0
       0
       0
       1
       0
       0
       1
       0
       0
       0
       1
       1
       1
       1
       0
       0
       1
       0
       0
       0
       0
       0
       0
       0
       0
       0
       0
       1
       0
       0
       0
       0
       0
       0
       0
       1
       2
       1
       0
       2
       0
       0
       0
       0
       0
       0
       1
       0
       0
       0
       0
       0
       0
       0
       0
       0
       0
       1
       0
       0
       0
       0
       0
       0
       0
       0
       0
       0
       0
       0
       0
       0
       1
       0
       0
       0
       0
       0
       0
       0
       0
       1
       0
       1
       0
       0
       0
       0
       0
       0
       0
       0
       0
       0
       0
       0
       0
       0
       0
       0
       0
       0
       0
       0
       0
       3
       0
       0
       0
       0
       0
       0
       0
       0
       0
       0
       1
       2
       0
       1
       0
       0
       1
       0
       0
       0
       0
       1
$ROI:
2
21 38
253 337
$PRESETS:
None
0
0
$ENER_FIT:
0.000000 2.050987
$MCA_CAL:
3
0.000000E+000 2.050987E+000 0.000000E+000 keV
$SHAPE_CAL:
3
7.710171E+000 0.000000E+000 0.000000E+000
