$SPEC_ID:
No sample description was entered.
$SPEC_REM:
DET# 2
DETDESC# SPACESCIENCE8 digiBASE-RH SN 15121449
AP# Maestro Version 7.01
$DATE_MEA:
09/30/2024 14:23:01
$MEAS_TIM:
297 300
$DATA:
0 1023
       0
       0
       0
       0
       0
       0
       0
       0
       0
       0
    2237
    7353
    6518
    5485
    5163
    5375
    6049
    7268
    8976
   11468
   14279
   17169
   20700
   23233
   26662
   29071
   30491
   31123
   31011
   29419
   27389
   24542
   21064
   17877
   14684
   11548
    8967
    6806
    5174
    3642
    2529
    1870
    1318
     967
     720
     574
     487
     395
     344
     334
     329
     297
     264
     293
     250
     255
     272
     226
     198
     225
     180
     203
     190
     147
     202
     178
     177
     163
     168
     149
     160
     162
     139
     164
     167
     149
     143
     146
     140
     129
     150
     121
     122
     121
     142
     120
     128
     135
     101
     106
     115
     121
     139
     114
     100
     110
     112
      99
     101
      96
     112
      99
      97
      86
      96
      83
      91
      93
      94
      81
      78
      94
      84
     103
     101
      83
      91
      94
      82
      79
      93
      76
      87
      81
      85
      73
      81
      58
      81
      72
      82
      67
      65
      59
      57
      57
      62
      56
      52
      74
      45
      66
      61
      65
      65
      50
      65
      63
      59
      52
      54
      56
      61
      55
      41
      51
      43
      43
      47
      46
      41
      60
      50
      60
      38
      41
      42
      49
      54
      35
      34
      53
      48
      44
      43
      41
      45
      48
      44
      41
      33
      43
      31
      28
      40
      41
      29
      35
      23
      39
      31
      29
      25
      36
      36
      33
      37
      33
      35
      37
      22
      38
      35
      27
      37
      42
      21
      34
      26
      47
      31
      24
      29
      29
      28
      29
      29
      21
      19
      21
      21
      16
      23
      19
      36
      29
      25
      19
      30
      18
      22
      34
      21
      20
      19
      22
      15
      32
      14
      20
      17
      19
      22
      29
      23
      21
      30
      19
       8
      19
      18
      24
      17
      24
      18
      17
      18
      22
      22
      20
      20
      14
      16
      20
      13
      20
      24
      16
      12
      21
      21
      18
      19
      29
      24
      22
      19
      18
      22
      14
      17
      13
      19
      23
      22
      24
      15
      16
      17
      15
      14
      14
       8
      20
      17
      21
      19
      14
      18
      14
      14
      17
      19
      23
      25
      19
      30
      20
      17
      29
      34
      17
      20
      20
      15
      19
      25
      23
      33
      18
      36
      17
      20
      17
      16
      32
      19
      23
      25
      20
      24
      16
      25
      26
      23
      29
      16
      20
      24
      16
      27
      22
      30
      32
      23
      29
      27
      25
      26
      15
      20
      29
      22
      23
      18
      16
      15
      23
      19
      16
      17
      22
      24
      17
      15
      14
      14
      18
      14
       8
      14
      10
      20
      15
      13
      19
      15
      14
      11
       8
       6
      11
      17
      10
       7
       7
       4
      19
       6
       4
       6
       5
      10
       7
      10
       6
      10
       6
       8
      10
      12
       6
       6
      11
      10
       9
       6
       9
       7
       1
       7
      10
       9
       6
       7
       4
       6
       5
       7
       6
      12
       8
       7
       5
       6
       5
       1
       6
       8
       9
       5
      10
      11
       6
       9
       5
       5
       9
       9
       5
       6
       4
       9
       6
       7
       5
      10
       3
       8
       3
      10
       6
       5
       5
       9
       3
       8
       4
      14
       8
       6
       7
       7
      10
       7
       7
       9
       6
       5
       7
       4
       9
       4
       3
      11
       4
       7
       8
       8
       7
       6
       9
      10
       8
       4
       5
       7
       9
       7
       9
      10
      10
       5
       9
       6
       9
       8
       5
       7
       6
       6
       6
       3
       8
      11
      14
       6
       6
       4
       6
      11
       7
       7
       9
       3
       4
       7
       5
       8
       3
       4
       5
       7
       4
       5
       8
       4
       7
       7
       5
       3
       7
       5
       6
       0
       2
       8
       4
       3
       6
       1
       3
       6
       4
       3
       7
       4
       6
       6
       7
       7
       6
       3
       3
       1
       1
       3
       3
       8
       1
       3
       4
       2
       4
       3
      10
       4
       4
       4
       4
       6
       6
       2
       4
       7
       7
      10
       5
       4
       4
       5
       5
       8
       0
       4
       5
       7
       6
       4
       6
       2
       1
       6
       5
       5
       4
       2
       8
       6
       5
       4
       3
       3
       3
       2
       1
       4
       2
       4
       5
       5
       4
       3
       1
       3
       1
       3
       3
       5
       5
       3
       4
       3
       6
       3
       3
       4
       3
       5
       1
       5
       5
       3
       3
       3
       2
       7
       4
       7
       1
       4
       2
       3
       2
       3
       5
       5
       4
       4
       3
       3
       2
       4
       2
       6
       3
       1
       5
       4
       4
       1
       7
       3
       5
       1
       4
       4
       8
       2
       4
       2
       4
       1
       8
       5
       2
       2
       4
       2
       4
       2
       5
       2
       2
       7
       3
       2
       2
       1
       4
       3
       1
       4
       2
       4
       0
       6
       5
       1
       3
       5
       3
       5
       5
       1
       1
       2
       1
       3
       3
       7
       5
       4
       4
       2
       3
       2
       3
       9
       4
       6
       3
       5
       6
       5
       3
       3
       4
       6
       5
       6
       6
       7
      10
       4
       5
       4
       7
       5
       8
       8
       2
      10
       8
       8
      10
       2
      10
       5
      11
       6
       7
       9
       7
       9
       7
      14
       5
       6
       9
      15
       8
       4
      10
       5
      10
      11
       4
       9
       9
      11
      10
      10
       4
       8
      11
       8
       7
      11
       7
       8
       7
       6
      10
       7
       6
       8
       7
      10
       7
       5
       5
       8
       7
       5
       6
       3
       9
       3
       4
       3
       7
       9
       6
       6
       5
       4
       9
       4
       5
       4
       2
       3
       1
       1
       3
       3
       2
       3
       1
       4
       1
       0
       1
       3
       5
       2
       3
       1
       3
       1
       1
       1
       1
       2
       1
       4
       3
       3
       2
       0
       1
       1
       0
       1
       0
       0
       1
       1
       1
       2
       0
       0
       2
       0
       1
       1
       2
       2
       0
       3
       4
       0
       3
       2
       3
       1
       1
       2
       1
       0
       2
       0
       1
       0
       1
       1
       1
       1
       0
       1
       0
       3
       0
       1
       0
       1
       2
       1
       2
       1
       2
       4
       3
       0
       2
       2
       1
       0
       0
       2
       3
       1
       1
       5
       2
       1
       0
       0
       2
       2
       2
       1
       1
       3
       5
       1
       0
       1
       1
       3
       1
       3
       2
       2
       1
       3
       2
       1
       4
       2
       2
       0
       0
       1
       0
       2
       4
       3
       2
       1
       3
       1
       2
       1
       2
       2
       0
       0
       0
       1
       0
       1
       4
       0
       2
       2
       1
       1
       4
       0
       1
       2
       1
       0
       3
       1
       3
       0
       0
       2
       1
       2
       4
       0
       1
       1
       0
       2
       0
       1
       0
       0
       0
       0
       1
       1
       1
       0
       0
       0
       1
       0
       0
       1
       0
       1
       2
       0
       2
       1
       0
       1
       0
       0
       3
       0
       1
       1
       0
       0
       0
       0
       3
       1
       1
       0
       0
       1
       0
       0
       0
       1
       1
$ROI:
4
10 146
279 400
564 664
667 763
$PRESETS:
None
0
0
$ENER_FIT:
0.000000 2.191293
$MCA_CAL:
3
0.000000E+000 2.191293E+000 0.000000E+000 keV
$SHAPE_CAL:
3
1.167119E+001 0.000000E+000 0.000000E+000
