$SPEC_ID:
No sample description was entered.
$SPEC_REM:
DET# 2
DETDESC# SPACESCIENCE8 digiBASE-RH SN 15121449
AP# Maestro Version 7.01
$DATE_MEA:
09/30/2024 14:51:35
$MEAS_TIM:
296 299
$DATA:
0 1023
       0
       0
       0
       0
       0
       0
       0
       0
       0
       0
    2011
    7403
    6651
    5947
    6028
    6568
    7829
    9894
   12722
   16357
   20655
   25124
   30387
   34219
   38467
   41506
   43247
   43785
   42543
   40060
   35986
   31780
   27249
   22501
   18078
   13822
   10652
    7909
    5650
    4061
    2869
    2001
    1339
     960
     733
     622
     512
     404
     390
     396
     330
     330
     325
     326
     317
     294
     271
     262
     254
     231
     218
     187
     190
     215
     196
     153
     187
     180
     153
     148
     170
     173
     162
     151
     160
     142
     173
     154
     122
     150
     139
     149
     138
     122
     128
     141
     126
     135
     121
     108
     119
     104
     109
      98
     100
     108
     108
      92
      82
     100
     112
     116
      90
     100
      88
      98
      88
     118
      92
      92
      90
      77
      81
      87
      79
      89
      81
      79
      81
      69
      95
      79
     101
      58
      64
      66
      81
      72
      74
      75
      67
      67
      65
      61
      71
      78
      63
      43
      54
      69
      53
      60
      59
      63
      45
      53
      50
      51
      61
      53
      56
      65
      55
      53
      51
      44
      41
      45
      61
      50
      36
      49
      53
      50
      48
      61
      45
      48
      46
      39
      41
      38
      46
      36
      30
      42
      38
      44
      43
      46
      27
      41
      38
      41
      51
      42
      39
      32
      35
      33
      32
      39
      31
      39
      37
      25
      37
      33
      30
      33
      26
      26
      28
      22
      37
      24
      21
      30
      22
      23
      30
      30
      26
      22
      29
      24
      19
      24
      32
      21
      21
      23
      21
      23
      23
      23
      19
      28
      31
      27
      24
      28
      20
      25
      25
      21
      19
      19
      21
      26
      24
      23
      15
      21
      14
      15
      22
      16
      21
      16
      20
      18
      21
      20
      26
      20
       9
      13
      19
      17
      21
      15
      23
      17
      24
      19
      17
      18
      21
      16
      22
      15
      28
      15
      18
      29
      18
      13
      14
      22
      18
      16
      20
      21
      16
      14
      13
      20
      17
      16
      22
      13
      23
      22
      22
      16
      19
      20
      27
      26
      15
      23
      23
      16
      24
      20
      28
      14
      25
      25
      26
      22
      19
      30
      25
      23
      17
      18
      20
      23
      23
      19
      17
      15
      22
      21
      29
      18
      18
      27
      22
      16
      19
      15
      27
      19
      15
      12
      17
      18
      15
      18
      15
      17
       8
      19
       9
      26
      28
       8
      13
      17
      12
      14
      15
      17
      12
      14
      18
       7
      10
      14
      12
      10
      12
      13
      17
       9
      15
       6
       7
       8
      12
      10
       7
       6
      14
      13
       5
       7
      10
       9
       9
      12
       9
       7
       5
       6
       9
      11
      11
      13
      15
       9
      12
       8
       5
       7
       8
      10
      12
       9
       5
       6
       7
       7
       6
      11
       8
      11
       5
       6
       8
       6
       6
       5
      10
       7
       8
       4
       9
       4
       5
       3
       3
       9
       9
       5
       8
      11
       9
       7
       8
      10
       8
       4
      15
       8
       8
       5
       8
       3
      11
      11
       4
       8
       5
       4
       2
       6
       8
       3
       3
       7
      10
       4
       9
      10
      10
       9
       4
       6
       5
       7
       7
      10
       5
      10
       4
       2
       5
       3
       9
       9
       8
       9
       4
       9
      10
       7
       9
       9
       5
       7
       7
       5
       7
       4
      13
       3
      11
       7
       7
       2
       7
       2
       8
       5
      10
       4
       8
       6
      14
       7
       5
       9
       4
      10
      10
       6
       3
       4
       5
       5
       6
       3
       7
       1
       7
       6
       8
       6
       6
       6
       7
       9
       5
       2
       4
       2
       7
       3
       5
       1
       7
       7
       3
       2
       4
       4
       6
       4
       6
       5
       2
       7
       4
       5
       6
       6
       2
       6
       3
       6
       4
       5
      10
       9
       7
       5
       4
       3
       5
       4
       6
       3
       5
       5
       2
       6
       4
       0
       2
       7
       3
       7
      10
       7
       4
      10
       5
       1
       8
       5
       4
       8
       3
       0
       5
       4
       2
       5
       4
       4
      10
       8
       4
       3
       3
       7
       3
       3
       5
       5
       6
       3
       9
       1
       5
       6
       8
       5
       8
       4
       6
       6
       6
       5
       3
       4
       5
       3
       1
       6
       6
       5
       4
       5
       3
       3
       2
       6
       8
       4
       1
       4
       3
       1
       1
       4
       2
       1
       3
       3
       2
       4
       3
       2
       0
       1
       6
       3
       4
       0
       1
       3
       8
       3
       1
       5
       2
       2
       2
       4
       6
       0
       4
       2
       1
       0
       3
       3
       7
       3
       3
       3
       2
       4
       2
       2
       1
       0
       2
       3
       3
       6
       2
       9
       2
       0
       4
       3
       3
       2
       6
       7
       1
       4
       3
       0
       5
       5
       1
       5
       5
       5
       1
       5
       3
       3
       7
       3
       7
       3
       3
       2
       8
      10
       5
       5
       0
       6
       0
       8
       4
       3
       6
       9
       7
       9
       6
       6
       7
       3
       3
       7
       9
       8
       5
       6
       9
       9
       3
      10
       2
       4
       7
       3
       8
       5
       7
      13
      10
       7
      19
      11
      13
      13
       7
       9
      13
       9
       9
      14
       8
       3
       7
      10
       9
      10
       9
       7
       8
       6
       6
       7
       7
       8
       7
       9
       7
       6
       4
       9
       5
       5
       7
       4
       3
       5
       4
       5
       2
       5
      10
       7
       3
       4
       2
       3
       1
       2
       2
       3
       3
       1
       4
       2
       5
       3
       3
       3
       5
       3
       2
       2
       2
       1
       3
       0
       1
       1
       2
       1
       3
       3
       4
       1
       3
       3
       0
       0
       2
       2
       2
       1
       1
       1
       0
       5
       0
       1
       0
       1
       0
       2
       0
       1
       3
       3
       1
       3
       1
       1
       2
       3
       1
       1
       1
       1
       0
       0
       0
       0
       1
       5
       3
       0
       1
       0
       3
       1
       2
       0
       2
       0
       3
       3
       1
       2
       1
       1
       2
       0
       3
       1
       1
       1
       2
       1
       6
       4
       2
       1
       0
       0
       1
       3
       1
       4
       5
       3
       1
       2
       2
       3
       2
       1
       3
       0
       3
       2
       3
       3
       1
       1
       3
       3
       1
       0
       0
       2
       3
       0
       1
       4
       2
       2
       2
       1
       2
       1
       2
       2
       4
       1
       1
       1
       2
       0
       0
       1
       2
       1
       1
       2
       1
       2
       0
       2
       0
       4
       2
       1
       2
       0
       5
       0
       0
       0
       2
       1
       2
       1
       2
       3
       2
       2
       1
       0
       1
       0
       3
       0
       0
       3
       0
       1
       2
       0
       1
       4
       0
       2
       2
       1
       0
       1
       0
       0
       0
       0
       1
       0
       0
       0
       2
       0
       1
       0
       1
       1
       0
       0
       0
       0
       0
       0
       1
       0
       0
       0
       0
       1
       0
       0
       1
       0
       0
       0
       1
       2
       0
       1
$ROI:
4
10 146
279 400
564 664
667 763
$PRESETS:
None
0
0
$ENER_FIT:
0.000000 2.191293
$MCA_CAL:
3
0.000000E+000 2.191293E+000 0.000000E+000 keV
$SHAPE_CAL:
3
1.167119E+001 0.000000E+000 0.000000E+000
