$SPEC_ID:
No sample description was entered.
$SPEC_REM:
DET# 1
DETDESC# SPACESCIENCE4 digiBASE-RH SN 15121435
AP# Maestro Version 7.01
$DATE_MEA:
10/02/2024 14:16:58
$MEAS_TIM:
298 300
$DATA:
0 1023
       0
       0
       0
       0
       0
     358
    1410
    1752
    2405
    3463
    4624
    6155
    7739
    8977
    9477
    9167
    7812
    6356
    4793
    3875
    3464
    3803
    4739
    6453
    8523
   11015
   13726
   15726
   17154
   17812
   17079
   15234
   12863
   10313
    7575
    5293
    3488
    2231
    1398
     851
     588
     454
     326
     287
     277
     280
     225
     251
     265
     246
     240
     256
     232
     245
     233
     203
     199
     212
     228
     217
     221
     190
     183
     191
     190
     178
     194
     200
     156
     195
     142
     143
     150
     152
     147
     151
     128
     152
     126
     103
     141
     123
     126
     145
     131
     114
     126
     102
     112
     106
     110
     113
     126
      92
     113
     111
      89
      89
     100
      83
      82
      88
      90
      87
      98
      74
      71
      67
      72
      87
      79
      72
      86
      65
      65
      62
      62
      58
      48
      52
      69
      65
      58
      55
      58
      55
      54
      45
      41
      47
      45
      49
      44
      50
      50
      46
      35
      39
      52
      45
      44
      47
      46
      38
      39
      30
      33
      39
      33
      32
      30
      31
      40
      29
      30
      39
      33
      28
      26
      39
      38
      46
      34
      18
      33
      30
      18
      28
      32
      25
      33
      15
      22
      29
      20
      17
      26
      22
      27
      29
      17
      25
      11
      22
      16
      21
      24
      10
      20
      20
      21
      25
      11
      18
      13
      19
      22
      18
       9
      20
      16
      16
      14
      22
      19
       8
      20
      13
      19
      11
      17
      11
      12
      19
      11
      14
      17
      14
       8
      20
      14
      11
      10
      11
      15
       8
      15
      16
      19
      12
      14
      12
       9
      10
       7
      10
      13
      12
      13
       9
      14
      16
      14
      12
      11
      10
      17
      10
       9
      14
       8
      14
      10
      10
      12
      12
      11
      13
      17
      14
       9
       9
      12
      10
      14
       7
       8
       6
       9
      12
       7
       8
       7
       9
      14
       8
      10
       8
       5
      12
       7
       6
       9
      14
      11
      13
      12
       8
       8
       5
       6
      11
       9
      12
       9
       6
       8
      11
       7
       8
       5
       9
      12
       6
       5
       6
      10
       4
       7
       7
       7
       7
       9
       3
       6
       3
       6
       6
       2
       5
      10
       3
       6
       1
      10
       5
       3
       6
       6
       4
       9
       2
       8
       4
      10
       5
       5
       5
       7
       9
       8
       7
       5
       7
       5
       8
       5
       4
       6
       9
       9
       4
       3
       4
       5
       5
       6
       7
       5
       6
       7
       5
       5
       4
       5
       5
      10
       3
       3
       3
       4
       1
       6
       2
       3
       6
       5
       9
       4
       3
       3
       4
       3
       4
       6
       5
       5
       6
       9
       2
       6
       6
       3
       2
       5
       3
       3
       6
       4
       3
       2
       6
       2
       3
       5
       2
       3
       8
       3
      10
       9
       3
       3
       4
       1
       5
       5
      10
       7
       5
       3
       2
       7
       3
       4
       3
       6
       3
       4
       4
       3
       4
       5
       2
       4
       3
       4
       3
       2
       3
       2
       5
       2
       3
       2
       6
       3
       2
       2
       1
       7
       3
       4
       0
       6
       3
       4
       3
       1
       1
       6
       4
       2
       2
       3
       5
       3
       2
       5
       2
       5
       1
       3
       4
       5
       3
       3
       2
       2
       3
       4
       2
       3
       0
       7
       3
       1
       2
       5
       4
       2
       5
       1
       3
       4
       3
       5
       1
       1
       3
       3
       5
       3
       2
       2
       3
       4
       5
       3
       0
       3
       1
       2
       4
       3
       3
       4
       2
       3
       3
       5
       7
       3
       1
       1
       3
       1
       3
       2
       2
       4
       0
       1
       6
       4
       0
       2
       1
       2
       3
       1
       2
       2
       1
       2
       0
       3
       2
       1
       2
       2
       2
       1
       3
       3
       2
       3
       2
       5
       2
       3
       5
       4
       2
       1
       6
       1
       4
       1
       3
       2
       0
       4
       3
       3
       1
       4
       1
       4
       1
       2
       1
       7
       0
       3
       2
       4
       1
       2
       5
       2
       2
       2
       0
       3
       2
       2
       6
       1
       3
       0
       3
       1
       4
       2
       1
       2
       3
       5
       3
       1
       6
       3
       3
       2
       5
       4
       0
       1
       6
       2
       1
       2
       3
       1
       2
       4
       1
       6
       2
       4
       8
       2
       0
       4
       4
       4
       5
       3
       2
       3
       2
       0
       2
       4
       3
       3
       3
       1
       2
       2
       2
       5
       2
       2
       1
       1
       2
       1
       1
       1
       2
       4
       0
       3
       1
       2
       2
       2
       1
       2
       0
       2
       0
       2
       0
       1
       0
       1
       1
       2
       3
       2
       0
       0
       0
       3
       0
       0
       2
       0
       0
       2
       3
       1
       1
       1
       0
       0
       2
       1
       0
       1
       0
       3
       1
       3
       2
       3
       1
       1
       0
       0
       1
       2
       1
       1
       0
       1
       1
       1
       0
       1
       0
       0
       1
       0
       2
       0
       0
       0
       0
       0
       1
       0
       1
       1
       1
       0
       1
       0
       0
       3
       2
       0
       1
       0
       0
       1
       3
       0
       1
       0
       1
       2
       1
       1
       0
       2
       1
       1
       2
       0
       0
       1
       1
       0
       0
       0
       0
       0
       1
       1
       0
       1
       0
       1
       0
       0
       2
       0
       0
       0
       1
       0
       1
       0
       1
       0
       1
       0
       0
       0
       1
       1
       0
       0
       0
       1
       0
       0
       0
       0
       0
       0
       1
       1
       0
       1
       0
       1
       1
       1
       4
       2
       1
       0
       0
       1
       0
       1
       0
       1
       2
       0
       1
       0
       0
       0
       1
       0
       0
       1
       2
       0
       0
       0
       0
       1
       0
       0
       2
       1
       1
       0
       0
       0
       1
       1
       0
       0
       2
       0
       0
       0
       0
       0
       1
       1
       0
       2
       1
       0
       0
       0
       0
       0
       0
       0
       0
       0
       1
       0
       0
       0
       0
       0
       0
       0
       1
       0
       0
       1
       2
       0
       1
       0
       0
       0
       1
       2
       0
       0
       0
       0
       0
       1
       0
       0
       0
       1
       0
       0
       0
       1
       0
       0
       0
       0
       1
       1
       1
       1
       0
       0
       0
       0
       1
       0
       1
       1
       2
       0
       1
       0
       0
       1
       1
       0
       0
       0
       0
       0
       0
       0
       0
       0
       0
       0
       0
       1
       0
       1
       1
       1
       0
       0
       2
       1
       1
       0
       0
       1
       1
       4
       0
       0
       1
       0
       0
       0
       0
       0
       0
       0
       1
       0
       0
       0
       0
       0
       0
       0
       0
       0
       0
       0
       0
       0
       0
       0
       0
       0
       0
       0
       0
       0
       0
       0
       0
       0
       0
       0
       1
       0
       0
       0
       0
       0
       0
       1
       0
       0
       0
       1
       0
       0
       0
       0
       0
       1
       0
       0
       0
       0
       0
       0
       0
       0
       0
       1
       0
       1
       0
$ROI:
2
21 38
253 337
$PRESETS:
None
0
0
$ENER_FIT:
0.000000 2.050987
$MCA_CAL:
3
0.000000E+000 2.050987E+000 0.000000E+000 keV
$SHAPE_CAL:
3
7.710171E+000 0.000000E+000 0.000000E+000
