$SPEC_ID:
No sample description was entered.
$SPEC_REM:
DET# 2
DETDESC# SPACESCIENCE8 digiBASE-RH SN 15121449
AP# Maestro Version 7.01
$DATE_MEA:
09/30/2024 15:00:13
$MEAS_TIM:
295 299
$DATA:
0 1023
       0
       0
       0
       0
       0
       0
       0
       0
       0
       0
    2680
    8971
    7850
    6835
    6647
    7227
    8873
   11252
   14606
   18602
   23128
   28623
   33759
   38707
   42621
   45930
   47260
   47157
   45276
   42150
   37678
   32751
   27843
   22720
   17787
   13646
   10261
    7644
    5287
    3758
    2560
    1904
    1306
     968
     699
     582
     437
     435
     378
     349
     350
     342
     333
     307
     276
     272
     286
     239
     222
     242
     240
     222
     206
     242
     195
     178
     171
     158
     155
     157
     134
     134
     147
     139
     148
     126
     120
     140
     135
     133
     137
     149
     131
     103
     130
     115
     112
     115
     114
     107
     103
     108
     109
      84
      90
     111
      82
     105
      89
      84
      85
      99
      86
      85
      92
      86
      82
      92
      92
      75
      84
      88
      85
      67
      92
      89
      83
      75
      85
      80
      71
      72
      77
      65
      76
      64
      62
      57
      67
      70
      68
      59
      66
      58
      58
      65
      66
      57
      65
      47
      64
      58
      64
      52
      49
      47
      57
      57
      44
      42
      45
      60
      51
      49
      54
      47
      49
      32
      33
      55
      39
      36
      42
      48
      46
      38
      49
      46
      45
      49
      40
      43
      47
      37
      37
      44
      44
      35
      42
      30
      23
      35
      39
      32
      22
      35
      31
      33
      27
      37
      31
      25
      37
      25
      27
      27
      27
      26
      32
      26
      26
      22
      24
      22
      14
      28
      32
      27
      24
      25
      26
      25
      17
      21
      25
      22
      23
      15
      23
      17
      31
      25
      21
      28
      26
      28
      24
      23
      16
      14
      20
      29
      21
      15
      15
      25
      17
      21
      12
      19
      22
      11
      23
      21
      16
      25
      18
      22
      19
      21
      20
      17
      11
      17
      22
      15
      12
      17
      20
      11
      13
      22
      20
      16
      17
      13
      14
      15
      20
      14
      16
      17
      12
      20
      17
      19
      16
      14
      28
      25
      20
      23
      13
      15
      17
      17
      18
      12
      22
      19
      17
      17
      23
      14
      22
      21
      17
      16
      21
      27
      11
      15
      14
      23
      15
      19
      15
      17
      16
      18
      23
      21
      16
      16
      21
      16
      20
      23
      19
      16
      23
      12
      10
      20
      16
      13
      12
       6
      21
      13
      13
      14
      13
       9
      13
      17
      15
      12
       8
      12
       6
      13
      15
      14
       9
      15
      10
      10
      15
      10
      13
      10
       7
       3
      12
       8
       9
       9
       7
       9
      13
      12
      18
      10
      10
       9
       9
       8
      13
       8
       9
      10
       3
      10
      14
      16
      11
      10
      12
      11
       7
       8
       2
       8
       5
       8
      11
       3
       8
      11
      12
       7
      11
       8
       7
       6
       7
      15
       8
      11
       9
      11
       6
      12
       8
      14
       6
      10
       8
       8
       7
       9
       8
      10
       7
       2
       7
      13
      10
       3
       7
      12
      12
       9
       5
       6
       5
       7
       7
       9
       3
      12
       9
       4
       6
       2
       6
       9
      13
      12
      10
       5
       5
       9
       1
       5
       8
       7
       6
       7
       6
       5
       8
       3
       7
       8
       8
       8
      11
       7
       5
       5
       9
       5
      11
       9
       7
      13
       4
       9
      11
       5
       3
       9
       3
       9
      19
       6
       5
       8
       7
       8
       9
       5
      10
       4
       2
       4
      11
      10
      11
       6
       4
       6
      11
       3
       4
       5
       8
       8
       5
       4
       6
       4
      12
       5
       4
       8
       5
       3
       5
       3
      11
       4
       2
       2
       7
       8
       5
       7
      11
       6
       7
       4
       8
       9
       5
       4
       2
       6
       5
       5
       1
       4
       5
       5
       7
       4
       2
       8
       5
       5
       8
       2
       2
       5
       1
       2
       1
       3
       7
       7
       6
       1
       4
       1
       7
       5
       5
       5
       7
       0
       7
       1
       6
       4
       4
       0
       2
       5
       4
       7
       6
       4
       7
       5
       8
       7
       4
       5
       5
       6
       5
       7
       5
       6
       5
       9
      11
       1
       3
       7
       3
       8
       5
       5
       5
       4
       4
       0
       1
       2
       7
       6
       3
       4
       4
       4
       2
       5
       4
       9
       2
       3
       2
       4
       1
       4
       8
       2
       3
       3
       4
       4
       9
       4
       7
       3
       0
       6
       4
       3
       1
       3
       4
       4
       2
       3
       3
       2
       3
       3
       0
       0
       3
       5
       2
       6
       6
       6
       1
       3
       6
       4
       4
       5
       2
       7
       4
       2
       0
       6
       2
      10
       1
       4
       3
       2
       3
       4
       3
       3
       3
       6
       1
       4
       1
       0
       1
       2
       2
       4
       2
       1
       3
       2
       3
       6
       0
       3
       5
       4
       0
       2
       1
       1
       2
       1
       2
       4
       2
       4
       6
       3
       5
       4
       5
       6
       4
       3
       2
       6
       7
       2
       6
       6
       4
       6
       4
       2
       5
       4
       5
       8
       3
       7
       3
       6
       4
       4
       7
       9
       5
       6
       7
       2
       7
       7
       6
       8
       5
       6
       8
       9
       8
      13
      14
       9
      10
       9
       4
      18
       6
      13
      10
      11
       8
      10
       8
      10
       9
       9
      14
       9
      10
       5
       8
       6
       6
       8
       4
       5
      14
       7
       4
      11
       8
       5
       7
       5
       4
       8
       3
       2
       9
       6
       4
      15
       7
       4
       3
       2
       7
       5
       2
       7
       3
       7
       1
       1
       6
       1
       5
       3
       0
       2
       5
       0
       4
       2
       4
       1
       2
       0
       2
       2
       0
       2
       2
       2
       2
       1
       1
       3
       3
       1
       0
       3
       3
       1
       1
       1
       1
       1
       2
       1
       1
       2
       2
       2
       0
       0
       1
       0
       2
       1
       2
       1
       1
       0
       1
       0
       1
       1
       3
       1
       0
       1
       4
       0
       1
       0
       3
       5
       1
       1
       1
       0
       0
       1
       1
       2
       1
       0
       0
       0
       2
       0
       2
       2
       2
       2
       0
       0
       0
       0
       0
       0
       0
       1
       2
       2
       1
       2
       1
       2
       2
       1
       2
       2
       3
       2
       0
       2
       3
       1
       0
       4
       2
       4
       3
       3
       1
       2
       4
       1
       2
       1
       4
       1
       2
       2
       3
       1
       2
       1
       1
       0
       0
       2
       1
       0
       3
       0
       1
       2
       1
       3
       1
       0
       0
       1
       3
       1
       1
       0
       0
       0
       2
       1
       0
       1
       2
       3
       0
       1
       2
       0
       1
       2
       2
       2
       2
       1
       0
       1
       1
       0
       0
       0
       2
       0
       1
       3
       1
       2
       0
       0
       1
       2
       0
       1
       0
       0
       0
       2
       0
       0
       1
       0
       1
       0
       0
       0
       0
       0
       1
       1
       1
       1
       0
       2
       0
       0
       0
       1
       0
       1
       1
       0
       0
       0
       0
       0
       0
       0
       0
       0
       0
       0
       1
       2
       1
       0
$ROI:
4
10 146
279 400
564 664
667 763
$PRESETS:
None
0
0
$ENER_FIT:
0.000000 2.191293
$MCA_CAL:
3
0.000000E+000 2.191293E+000 0.000000E+000 keV
$SHAPE_CAL:
3
1.167119E+001 0.000000E+000 0.000000E+000
