$SPEC_ID:
No sample description was entered.
$SPEC_REM:
DET# 1
DETDESC# SPACESCIENCE4 digiBASE-RH SN 15121435
AP# Maestro Version 7.01
$DATE_MEA:
10/02/2024 14:39:41
$MEAS_TIM:
298 300
$DATA:
0 1023
       0
       0
       0
       0
       0
     464
    1991
    2608
    3660
    5634
    8117
   10855
   13110
   14222
   13880
   12538
   10073
    7907
    6519
    6172
    7179
    8410
   11095
   13930
   16720
   19003
   20911
   20949
   20471
   18683
   16037
   12714
    9539
    7081
    4732
    3081
    1920
    1184
     763
     537
     394
     365
     280
     270
     282
     303
     272
     304
     270
     280
     243
     246
     236
     246
     265
     230
     239
     210
     210
     199
     185
     222
     190
     179
     182
     200
     204
     171
     163
     181
     150
     166
     155
     157
     154
     138
     126
     173
     147
     116
     121
     131
     133
     141
     146
     129
     120
     125
     117
     128
     107
      94
     116
     131
      97
      98
     103
     105
      99
      98
     100
      93
      73
      86
      82
      79
      95
      68
     100
      81
      84
      74
      88
      73
      75
      74
      70
      49
      59
      60
      77
      49
      65
      59
      59
      56
      68
      64
      56
      41
      50
      50
      49
      41
      37
      56
      38
      46
      37
      38
      45
      53
      44
      53
      33
      43
      28
      38
      33
      46
      30
      26
      37
      43
      36
      29
      45
      30
      31
      35
      40
      29
      34
      33
      24
      25
      24
      32
      25
      25
      19
      32
      24
      22
      30
      26
      20
      28
      22
      17
      22
      25
      22
      24
      18
      18
      17
      23
      15
      22
      23
      17
      18
      26
      23
      13
      19
      11
      15
      23
      14
      10
      19
      23
      15
      15
      14
      20
      26
      23
      19
      14
      14
      13
      17
      14
      14
      23
      11
      14
      14
      16
      15
       9
      19
      16
      19
      12
      13
      10
       9
      11
       8
      14
       8
      16
      16
      13
      12
      16
      14
      17
      13
      12
      15
      14
      18
       9
      10
      16
      18
      22
      10
      20
      11
      13
      16
      12
      19
      12
      11
      12
       8
      14
      11
      17
      11
      10
      21
      12
      11
      16
      15
      10
      11
      14
      11
      13
      14
      11
       9
      18
      13
      16
      19
      12
       9
      15
       9
      18
      17
      10
      17
      10
      10
       9
      13
      17
      10
       9
      12
      10
      12
       9
      11
      14
      11
      11
      14
      11
      10
      10
       9
      17
      12
       3
      12
       7
       8
       4
       8
       5
       6
       8
       6
       8
       6
       8
       8
       7
      11
       5
       4
       8
       7
       3
       9
       6
       6
       4
       8
       7
       5
       6
       5
       3
       6
       3
       6
      12
       7
       7
       4
       5
       6
       4
       3
       7
       4
       7
       1
       4
       5
       3
       7
       8
       0
       4
      11
       7
       3
       4
       1
       1
       6
       5
       5
       4
       2
       9
       3
       7
       6
       3
       3
       4
       7
       3
       2
       2
       1
       5
       5
       4
       7
       6
       3
       4
       1
       5
       5
       6
       2
       7
       4
       2
       8
       5
       3
       2
       7
       2
       5
       4
       3
       5
       5
       3
       8
       2
       8
       5
       7
       7
       7
       1
       2
       8
       3
       4
       3
       2
       2
       3
       1
       3
       4
       4
       7
       2
       4
       5
       4
       5
       2
       5
       4
       3
       7
       3
       2
       4
       2
       3
       5
       4
       6
       5
       6
       2
       7
       1
       3
       1
       2
       2
       2
       2
       2
       3
       4
       2
       2
       3
       3
       3
       3
       3
       2
       3
       1
       5
       4
       4
       1
       8
       2
       5
       2
       4
       4
       0
       2
       4
       8
       5
       3
       2
       4
       3
       4
       2
       2
       3
       2
       1
       6
       2
       4
       3
       3
       2
       4
       2
       1
       3
       5
       3
       5
       3
       6
       2
       3
       1
       4
       7
       4
       2
       3
       0
       3
       3
       0
       2
       1
       1
       0
       1
       2
       2
       1
       0
       1
       1
       2
       3
       1
       3
       1
       5
       3
       1
       5
       2
       4
       2
       4
       2
       2
       1
       2
       0
       2
       2
       2
       1
       2
       4
       0
       4
       0
       0
       2
       2
       4
       3
       5
       2
       2
       1
       4
       4
       5
       1
       1
       1
       2
       4
       2
       2
       3
       1
       2
       2
       1
       3
       3
       3
       4
       1
       1
       1
       3
       5
       4
       4
       3
       0
       2
       2
       4
       6
       7
       0
       5
       1
       2
       4
       2
       2
       1
       3
       0
       1
       5
       5
       2
       3
       1
       3
       5
       3
       4
       2
       1
       6
       1
       1
       1
       3
       3
       2
       2
       1
       4
       3
       4
       2
       3
       2
       1
       0
       4
       2
       4
       1
       1
       3
       0
       4
       2
       4
       1
       3
       2
       1
       1
       4
       1
       2
       2
       2
       0
       0
       1
       0
       2
       1
       2
       0
       0
       2
       3
       1
       0
       0
       0
       0
       0
       2
       0
       0
       4
       1
       3
       1
       0
       3
       1
       3
       0
       0
       0
       0
       2
       1
       3
       1
       2
       0
       2
       2
       1
       0
       0
       0
       0
       4
       0
       1
       0
       2
       1
       1
       1
       0
       0
       1
       1
       0
       2
       0
       1
       1
       1
       0
       1
       0
       0
       0
       1
       0
       0
       1
       2
       2
       1
       2
       3
       2
       0
       0
       0
       0
       1
       2
       2
       0
       0
       0
       0
       0
       0
       0
       0
       0
       1
       3
       0
       0
       0
       0
       0
       1
       1
       1
       0
       0
       2
       0
       1
       2
       0
       1
       0
       0
       0
       1
       0
       0
       1
       0
       2
       0
       0
       0
       0
       2
       1
       0
       1
       0
       0
       1
       0
       0
       1
       1
       0
       1
       1
       0
       1
       0
       0
       0
       0
       0
       0
       0
       2
       0
       0
       1
       1
       1
       2
       0
       0
       1
       0
       0
       0
       1
       0
       0
       0
       0
       0
       0
       2
       0
       1
       0
       0
       0
       1
       0
       0
       0
       0
       1
       0
       0
       0
       0
       0
       1
       1
       0
       1
       0
       1
       0
       1
       0
       0
       0
       0
       0
       1
       0
       0
       0
       0
       1
       1
       0
       0
       0
       0
       0
       0
       0
       0
       0
       0
       0
       0
       1
       0
       1
       0
       0
       1
       0
       0
       0
       0
       1
       1
       1
       0
       0
       1
       0
       0
       1
       0
       0
       0
       0
       0
       1
       0
       0
       0
       0
       1
       0
       1
       0
       1
       0
       1
       1
       1
       0
       0
       1
       0
       0
       0
       0
       0
       0
       1
       2
       0
       0
       0
       0
       1
       0
       1
       1
       0
       0
       1
       0
       0
       1
       0
       0
       1
       0
       0
       1
       0
       0
       0
       0
       0
       0
       0
       0
       0
       0
       0
       0
       0
       1
       0
       0
       0
       0
       1
       0
       1
       0
       0
       0
       0
       0
       0
       0
       0
       0
       0
       0
       0
       0
       1
       0
       0
       0
       1
       0
       0
       0
       1
       1
       0
       0
       0
       0
       2
       1
       0
       0
       0
       0
       0
       0
       1
       1
       1
       0
       0
       0
       0
       0
       0
       0
$ROI:
2
21 38
253 337
$PRESETS:
None
0
0
$ENER_FIT:
0.000000 2.050987
$MCA_CAL:
3
0.000000E+000 2.050987E+000 0.000000E+000 keV
$SHAPE_CAL:
3
7.710171E+000 0.000000E+000 0.000000E+000
