$SPEC_ID:
No sample description was entered.
$SPEC_REM:
DET# 1
DETDESC# SPACESCIENCE4 digiBASE-RH SN 15121435
AP# Maestro Version 7.01
$DATE_MEA:
10/02/2024 14:32:50
$MEAS_TIM:
298 300
$DATA:
0 1023
       0
       0
       0
       0
       0
     348
    1206
    1493
    2136
    3584
    5541
    7917
   10494
   12179
   12632
   11757
   10006
    7984
    6068
    4854
    4638
    5338
    6651
    8439
   10657
   12785
   14375
   15624
   15670
   14880
   13614
   11598
    9073
    6983
    5012
    3363
    2177
    1449
     889
     586
     442
     354
     301
     274
     282
     268
     286
     251
     294
     258
     250
     243
     263
     233
     216
     234
     241
     191
     234
     207
     203
     184
     200
     158
     181
     182
     149
     176
     168
     148
     171
     159
     172
     156
     154
     142
     154
     130
     135
     163
     123
     142
     135
     148
     107
     113
     113
     127
     119
     100
      98
     122
     115
      98
      92
     118
     103
      94
      91
      83
      97
      90
      78
      92
      84
      69
      76
      56
      73
      79
      71
      64
      70
      82
      59
      57
      69
      60
      72
      63
      68
      80
      64
      45
      42
      50
      52
      53
      57
      44
      63
      60
      63
      62
      37
      51
      36
      56
      48
      44
      43
      37
      41
      49
      31
      48
      43
      45
      40
      40
      30
      31
      39
      25
      30
      33
      31
      37
      33
      43
      33
      39
      34
      31
      36
      39
      32
      33
      33
      25
      21
      32
      20
      21
      13
      31
      28
      26
      24
      27
      30
      23
      22
      26
      20
      18
      22
      23
      26
      15
      23
      13
      25
      19
      19
       9
      21
      21
      19
      19
      16
      23
      17
      22
      18
      19
      21
      23
      21
      23
      15
      21
      23
      18
      16
      12
      18
      18
      18
      14
      16
      20
       7
      13
      12
      18
      18
      20
      17
      17
      17
      18
      14
       8
      14
      23
       7
      16
      21
      17
      10
      10
       8
      11
      14
      16
      14
      15
      15
      21
      14
      14
       9
       9
      27
       9
      14
      11
      11
      15
      13
      11
      11
      14
      13
      12
      16
      11
      11
      15
      16
      16
      18
      17
      13
      12
      16
      17
      17
      13
      23
      10
      18
      14
      17
      22
      18
      14
      20
      10
      14
      13
       7
      16
      13
      13
       7
       8
      11
       6
      16
      12
      13
       6
       6
       6
       7
      11
      14
       7
      15
       7
      12
       8
       6
      12
       8
      12
      12
      11
       6
      12
       7
       7
       8
      11
       9
       6
       8
       7
       7
       9
       4
       8
       6
       7
       6
       6
       2
      11
       6
       2
       5
       6
       3
      10
       7
       7
       8
       2
       4
       6
       5
       5
       4
       6
       5
       7
       2
       2
       9
       4
      11
       5
       8
       2
       4
       3
       3
       3
       4
       5
       1
       8
       4
       7
       6
       6
       8
       4
       5
       3
       2
       4
       4
       5
       4
       1
       4
       3
       7
       2
       6
       6
       7
       3
       3
       6
       7
       4
       2
       1
       7
       5
       3
       4
       3
       0
       5
       2
       2
       4
       3
       4
       5
       5
       3
       1
       6
       2
       6
       4
       4
       2
       5
       4
       2
       4
       5
       6
       5
       2
       7
       2
       7
       6
       2
       8
       5
       6
       4
       4
       3
       3
       1
       1
       6
       4
       2
       3
       6
       7
       3
       6
       4
       5
      10
       2
       4
       2
       1
       5
       4
       2
       5
       6
       2
       6
       6
       2
       5
       5
       6
       3
       5
       4
       4
       5
       3
       2
       4
       2
       1
       4
       2
       6
       2
       1
       4
       5
       3
       4
       2
       4
       2
       3
       6
       2
       1
       2
       3
       6
       3
       5
       4
       1
       2
       4
       1
       2
       1
       1
       5
       0
       3
       4
       1
       3
       3
       2
       3
       3
       1
       2
       2
       1
       3
       3
       2
       2
       4
       5
       4
       6
       2
       1
       1
       0
       7
       2
       1
       5
       2
       3
       5
       2
       1
       3
       2
       1
       1
       3
       2
       0
       2
       5
       3
       2
       2
       1
       3
       3
       1
       1
       0
       2
       5
       1
       4
       1
       2
       3
       5
       1
       2
       1
       0
       1
       0
       2
       2
       3
       4
       1
       2
       3
       2
       3
       2
       3
       2
       3
       5
       5
       1
       1
       2
       4
       3
       0
       4
       2
       1
       3
       1
       4
       2
       4
       2
       2
       1
       2
       2
       6
       1
       3
       2
       3
       2
       3
       4
       4
       2
       0
       1
       3
       1
       5
       1
       2
       1
       3
       6
       6
       1
       2
       1
       2
       0
       4
       4
       4
       4
       4
       2
       3
       1
       3
       1
       3
       3
       1
       3
       3
       0
       1
       1
       2
       2
       0
       2
       0
       1
       5
       1
       0
       2
       2
       1
       1
       2
       2
       1
       4
       0
       2
       2
       3
       1
       0
       0
       2
       1
       2
       2
       1
       4
       1
       0
       3
       2
       0
       3
       0
       0
       3
       1
       1
       1
       1
       3
       0
       0
       2
       1
       0
       0
       0
       1
       0
       2
       0
       0
       0
       1
       1
       4
       0
       0
       2
       1
       2
       0
       1
       1
       1
       0
       1
       0
       1
       1
       2
       0
       1
       0
       1
       0
       2
       1
       1
       0
       2
       0
       2
       1
       0
       0
       1
       1
       0
       1
       0
       1
       1
       1
       0
       2
       0
       2
       1
       0
       0
       2
       1
       0
       0
       0
       0
       0
       0
       0
       1
       0
       1
       1
       1
       0
       2
       1
       3
       0
       0
       2
       3
       0
       0
       0
       2
       1
       2
       1
       0
       0
       0
       1
       0
       0
       0
       0
       1
       1
       0
       0
       0
       0
       0
       1
       0
       1
       0
       0
       0
       0
       0
       0
       0
       0
       0
       1
       0
       0
       1
       1
       0
       1
       0
       1
       1
       0
       0
       0
       0
       0
       0
       1
       0
       0
       1
       0
       0
       0
       1
       0
       0
       1
       0
       1
       1
       0
       2
       1
       1
       0
       0
       0
       1
       0
       0
       1
       0
       0
       1
       0
       1
       0
       1
       3
       1
       1
       0
       2
       0
       0
       1
       0
       0
       0
       0
       1
       3
       1
       0
       1
       0
       1
       0
       2
       0
       0
       0
       0
       1
       2
       1
       2
       1
       2
       1
       1
       0
       0
       2
       0
       0
       0
       0
       0
       0
       0
       0
       1
       1
       0
       0
       0
       0
       0
       0
       2
       0
       0
       0
       0
       0
       0
       0
       0
       0
       0
       1
       0
       0
       0
       0
       0
       0
       0
       0
       0
       0
       1
       1
       0
       0
       0
       0
       0
       0
       1
       0
       0
       2
       0
       1
       0
       0
       0
       2
       0
       0
       0
       0
       0
       0
       0
       0
       0
       0
       0
       0
       0
       0
       0
       1
       0
       0
       0
       0
       0
       0
       0
       0
       0
       0
       0
       0
       0
       0
       0
       0
       2
       0
       0
       0
       0
       0
       1
       0
       0
       0
       0
       0
       0
       1
       0
       0
       0
       1
       0
       0
       0
       0
       0
       0
       0
       0
       0
       0
       0
       0
       0
       0
       0
       2
$ROI:
2
21 38
253 337
$PRESETS:
None
0
0
$ENER_FIT:
0.000000 2.050987
$MCA_CAL:
3
0.000000E+000 2.050987E+000 0.000000E+000 keV
$SHAPE_CAL:
3
7.710171E+000 0.000000E+000 0.000000E+000
