$SPEC_ID:
No sample description was entered.
$SPEC_REM:
DET# 2
DETDESC# SPACESCIENCE8 digiBASE-RH SN 15121449
AP# Maestro Version 7.01
$DATE_MEA:
09/30/2024 16:30:23
$MEAS_TIM:
299 300
$DATA:
0 1023
       0
       0
       0
       0
       0
       0
       0
       0
       0
       0
    1807
    7184
    8161
    7965
    7879
    6786
    5715
    4522
    3372
    2591
    1951
    1572
    1268
    1176
    1171
    1097
    1226
    1362
    1421
    1582
    1750
    1892
    2061
    2181
    2277
    2426
    2456
    2569
    2502
    2462
    2292
    2119
    1894
    1761
    1576
    1352
    1202
    1055
     961
     848
     741
     649
     602
     552
     496
     516
     513
     490
     517
     448
     460
     441
     496
     500
     523
     493
     527
     539
     530
     531
     581
     564
     539
     566
     566
     534
     569
     516
     639
     564
     557
     526
     558
     596
     562
     552
     543
     524
     543
     527
     506
     536
     529
     499
     484
     475
     439
     464
     462
     452
     445
     451
     444
     520
     463
     409
     408
     391
     419
     381
     366
     371
     403
     389
     362
     378
     345
     363
     338
     354
     352
     366
     359
     379
     375
     385
     382
     404
     381
     397
     417
     437
     510
     491
     541
     528
     556
     571
     607
     590
     598
     620
     615
     657
     648
     701
     668
     697
     684
     635
     705
     705
     718
     724
     700
     729
     730
     802
     795
     771
     833
     943
     877
     884
     916
    1012
    1017
    1063
    1085
    1089
    1231
    1251
    1249
    1285
    1287
    1344
    1353
    1403
    1388
    1386
    1344
    1295
    1289
    1289
    1271
    1202
    1156
    1108
    1033
     994
     929
     896
     868
     762
     681
     635
     660
     560
     559
     442
     421
     387
     324
     274
     266
     236
     223
     227
     184
     175
     127
     156
     111
     103
     104
      88
      81
      85
      67
      63
      51
      48
      49
      38
      34
      36
      53
      29
      26
      30
      36
      33
      29
      26
      24
      23
      28
      24
      25
      18
      18
      24
      18
      15
      19
      23
      24
      27
      30
      16
      21
      13
      12
      16
      18
      16
      20
      27
      23
      17
      21
      13
      16
      14
      24
      23
      24
      15
      20
      21
      11
      17
      22
      24
      26
      14
      25
      19
      23
      21
      15
      12
      19
      19
      15
      16
      17
      21
      26
      13
      19
      30
      21
      28
      18
      24
      24
      24
      30
      16
      20
      25
      22
      15
      19
      21
      20
      22
      21
      25
      20
      28
      19
      30
      20
      30
      14
      22
      18
      23
      15
      27
      22
      21
      23
      19
      24
      17
      22
      22
      31
      17
      23
      20
      16
      27
      35
      18
      16
      23
      25
      23
      23
      19
      15
      18
      14
      16
      17
      11
      17
      16
      12
      25
      13
       5
      14
      10
      12
      20
      10
      14
      14
      13
      19
      11
      13
       4
      15
       6
      11
       9
       7
      10
       8
       3
       7
      11
      11
       4
       8
       7
      11
      14
       6
       9
       2
       3
       5
       9
       8
      10
      10
      11
       8
      10
      12
       5
      11
      11
       7
       9
      10
       8
       4
       9
       8
       7
       8
      14
       5
       7
      11
       6
       8
      14
       4
      10
      10
      10
       6
       3
       7
       5
       5
      10
       7
       7
      12
       8
       5
       7
       6
       6
       8
       8
       5
       6
       9
       4
      11
       5
       5
       6
       2
       8
       8
      10
       8
       6
       8
       6
       9
       7
      17
       7
      10
       8
       5
       9
       7
       8
       7
       8
       6
       6
       4
       5
       7
       6
       9
       5
       6
       3
       4
       6
       5
      10
       8
       7
       4
       3
       8
       4
       8
       4
       8
       9
       6
       6
       8
       7
       6
       4
       5
       4
       9
       7
       7
       8
       3
       8
       2
       9
       4
      12
       3
       7
       7
       6
       5
       4
       3
       8
       8
       4
       2
       4
       5
       4
       4
       8
       3
       6
       8
       4
       4
       4
       5
       6
       4
       7
       4
       7
       3
       4
       2
       4
       6
       4
       3
       1
       4
       5
       5
       7
       7
       6
       3
       8
       6
       2
       2
       4
       1
      10
       6
       7
       2
       3
       5
       4
       4
       2
       3
       6
       8
       6
       8
       5
       6
       8
       1
       5
       6
       4
       4
       3
       4
       6
       6
       6
       6
       6
       9
       7
       3
       4
       4
       8
       0
       4
       4
      11
       4
       0
       5
       4
       5
       2
       5
       4
       3
       4
       3
       7
       4
       6
       3
       4
       2
       4
       4
       3
       5
       4
       7
       5
       1
       3
       3
       3
       6
       2
       4
       7
       3
       2
       2
       2
       6
       2
       6
       4
       2
       1
       4
       5
       1
       4
       6
       3
       0
       5
       7
       5
       2
       1
       2
       2
       1
       6
       5
       4
       7
       5
       1
       2
       3
       3
       4
       4
       3
       0
       3
       2
       1
       4
       3
       3
       4
       0
       4
       4
       1
       1
       2
       2
       4
       1
       1
       3
       3
       3
       3
       4
       1
       5
       2
       2
       5
       0
       2
       3
       3
       4
       4
       2
       2
       5
       6
       2
       3
       3
       4
       6
       3
       2
       9
       7
       4
       7
       4
       3
       9
      10
       9
       7
       2
       9
       6
       4
       9
       5
       7
      10
       5
      10
       4
      14
       5
       8
      11
      11
       5
      10
       8
       9
      13
       9
       7
       8
      12
      11
      13
       7
       8
       9
      14
       9
       6
       7
       8
      13
      15
       8
      10
      13
       9
       0
       8
       4
       7
       6
      14
       8
       7
       4
      10
      12
       5
       5
       9
       5
       6
       6
       9
       8
       3
       7
       6
       5
       3
       1
       3
       3
       4
       4
       4
       3
       3
       5
       8
       4
       4
       2
       3
       5
       3
       3
       1
       2
       2
       3
       3
       2
       3
       0
       3
       2
       2
       3
       2
       1
       3
       1
       1
       0
       1
       0
       4
       1
       3
       1
       1
       1
       0
       1
       2
       3
       1
       1
       0
       0
       1
       1
       1
       1
       2
       1
       2
       2
       1
       1
       2
       3
       3
       1
       1
       1
       3
       2
       0
       2
       1
       0
       2
       6
       1
       0
       3
       3
       3
       2
       4
       3
       0
       1
       5
       3
       2
       4
       2
       4
       2
       3
       3
       2
       1
       0
       1
       2
       3
       0
       2
       1
       4
       1
       1
       4
       4
       3
       2
       2
       5
       2
       1
       1
       2
       0
       1
       1
       3
       3
       6
       2
       3
       1
       1
       2
       2
       1
       3
       0
       4
       2
       3
       1
       0
       3
       2
       0
       1
       2
       0
       1
       3
       2
       0
       1
       1
       0
       0
       1
       2
       4
       2
       3
       3
       2
       1
       0
       0
       0
       2
       1
       0
       3
       1
       0
       0
       0
       2
       2
       0
       0
       5
       1
       0
       0
       0
       0
       2
       0
       2
       0
       0
       3
       0
       0
       0
       2
       0
       0
       0
       3
       0
       0
       2
       1
       1
       0
       1
       1
       1
       0
       0
       2
       0
       1
       1
       1
       0
       0
       2
       0
       0
       0
       0
       1
       1
       0
       0
       0
       0
       0
       1
       0
       0
       0
       1
       0
       1
       1
       1
       1
       0
       3
       0
       1
       0
       0
       1
       4
$ROI:
4
10 146
279 400
564 664
667 763
$PRESETS:
None
0
0
$ENER_FIT:
0.000000 2.191293
$MCA_CAL:
3
0.000000E+000 2.191293E+000 0.000000E+000 keV
$SHAPE_CAL:
3
1.167119E+001 0.000000E+000 0.000000E+000
