$SPEC_ID:
No sample description was entered.
$SPEC_REM:
DET# 1
DETDESC# SPACESCIENCE4 digiBASE-RH SN 15121435
AP# Maestro Version 7.01
$DATE_MEA:
10/02/2024 15:30:10
$MEAS_TIM:
299 300
$DATA:
0 1023
       0
       0
       0
       0
       0
     220
     566
     433
     354
     532
     785
    1390
    2224
    2994
    3520
    3752
    3308
    2628
    2021
    1361
    1004
     698
     506
     474
     482
     484
     553
     572
     589
     663
     747
     823
     899
    1013
    1114
    1228
    1317
    1372
    1375
    1366
    1298
    1203
    1086
     929
     835
     697
     622
     557
     575
     507
     489
     465
     475
     471
     478
     465
     465
     416
     465
     444
     465
     494
     481
     423
     468
     444
     489
     522
     530
     488
     515
     470
     491
     485
     471
     494
     447
     454
     465
     431
     400
     436
     416
     399
     407
     384
     385
     380
     361
     351
     335
     290
     319
     313
     287
     293
     295
     282
     288
     281
     302
     253
     246
     241
     236
     298
     221
     220
     260
     227
     228
     239
     218
     253
     288
     261
     268
     252
     246
     282
     291
     311
     302
     288
     307
     303
     303
     317
     330
     326
     342
     325
     360
     327
     357
     348
     345
     339
     346
     355
     361
     378
     376
     360
     392
     397
     428
     436
     451
     420
     469
     492
     526
     478
     548
     483
     536
     484
     531
     482
     529
     486
     437
     434
     384
     401
     355
     347
     297
     301
     267
     243
     243
     212
     188
     183
     164
     142
     137
     134
      87
     111
      76
      86
      75
      71
      72
      63
      57
      46
      38
      39
      42
      47
      35
      28
      33
      27
      34
      32
      23
      25
      21
      36
      21
      24
      27
      17
      20
      16
      16
      20
       7
      12
      16
      11
      10
      19
      22
      16
      14
      13
      23
       6
      12
      16
      13
       8
      12
      14
      12
       7
      11
      14
       9
      13
      16
      11
      10
      12
      11
      19
      15
       7
      12
      11
       7
      13
       5
      13
      17
       9
       9
      12
      15
       7
      19
       8
       7
      13
       7
       4
      14
      12
      12
      12
      11
       6
      10
       9
      15
       9
       9
      10
      11
      11
       8
       7
      13
      14
      10
      13
       8
      10
       9
       4
       8
       4
       3
      10
       4
       7
      11
       5
       8
       6
       7
       9
       7
       7
      11
       4
       8
       6
       5
       8
       9
       7
       6
      10
       5
       4
       5
       2
       7
      15
       4
       5
       9
       3
       3
       2
       5
       8
       8
       4
       3
       8
       6
       2
       5
       3
       7
       9
       6
       4
       5
       4
       7
       3
       6
       6
       6
      11
       9
       8
       2
       7
       5
       6
       3
       2
       9
       8
       3
       8
       6
       7
       3
       6
       4
       9
       2
       3
       6
       3
       5
       4
       5
       8
       5
       4
       6
       3
       3
       7
       3
       4
       4
       8
       3
       8
       5
       4
       5
       3
       5
       1
       5
       7
       4
       4
       2
       9
       4
       1
       5
       2
      10
       2
       1
       5
       4
       3
       5
       1
       8
       3
       3
       7
       3
       2
       2
       3
       2
       7
       1
       5
       2
       5
       1
       4
       1
       4
       1
       2
       2
       1
       7
       2
       3
       1
       4
       2
       4
       5
       0
       1
       3
       1
       2
       2
       2
       4
       4
       1
       2
       6
       5
       2
       3
       4
       3
       1
       2
       3
       8
       2
       3
       4
       1
       5
       1
       3
       1
       4
       2
       5
       7
       1
       6
       3
       7
       1
       3
       3
       2
       2
       4
       1
       4
       4
       3
       3
       4
       2
       1
       3
       3
       3
       2
       2
       5
       2
       5
       6
       2
       2
       5
       5
       0
       7
       4
       3
       0
       2
       2
       2
       5
       2
       2
       5
       2
       2
       3
       3
       2
       0
       4
       0
       3
       4
       2
       1
       4
       0
       1
       3
       2
       3
       0
       1
       1
       1
       3
       2
       5
       0
       2
       2
       2
       1
       1
       0
       1
       1
       3
       2
       2
       1
       5
       3
       2
       0
       1
       5
       1
       2
       1
       1
       1
       1
       4
       2
       2
       0
       0
       1
       3
       3
       2
       1
       4
       3
       1
       2
       3
       1
       2
       3
       1
       3
       2
       3
       3
       1
       2
       3
       2
       4
       3
       3
       1
       5
       1
       2
       5
       4
       4
       1
       2
       2
       1
       2
       3
       2
       2
       3
       2
       1
       2
       3
       2
       3
       2
       5
       1
       3
       3
       3
       2
       2
       0
       2
       6
       0
       2
       2
       1
       2
       2
       0
       4
       5
       5
       3
       4
       3
       5
       0
       2
       0
       2
       1
       4
       1
       1
       0
       2
       2
       1
       1
       2
       3
       3
       2
       2
       1
       3
       0
       0
       2
       1
       2
       1
       1
       2
       0
       4
       3
       0
       0
       2
       1
       1
       2
       0
       0
       2
       2
       2
       2
       0
       2
       1
       1
       1
       1
       0
       3
       1
       1
       1
       2
       0
       1
       1
       2
       2
       1
       2
       3
       1
       3
       2
       1
       3
       0
       2
       0
       2
       0
       0
       2
       0
       0
       1
       0
       2
       0
       0
       1
       0
       0
       1
       2
       1
       1
       3
       1
       2
       1
       1
       1
       1
       1
       0
       0
       0
       0
       1
       1
       1
       0
       1
       2
       0
       1
       2
       0
       1
       0
       2
       0
       3
       0
       0
       0
       2
       0
       1
       2
       1
       0
       1
       1
       1
       1
       1
       0
       0
       1
       0
       0
       0
       0
       1
       1
       0
       0
       0
       0
       0
       1
       1
       0
       0
       0
       1
       0
       1
       0
       1
       0
       0
       1
       0
       0
       0
       0
       2
       0
       0
       0
       1
       2
       0
       1
       0
       0
       0
       1
       0
       0
       1
       0
       0
       0
       0
       0
       0
       0
       1
       0
       0
       0
       1
       0
       0
       1
       0
       0
       0
       1
       1
       0
       0
       1
       0
       0
       0
       1
       1
       1
       0
       0
       0
       0
       0
       1
       0
       1
       0
       1
       0
       0
       1
       0
       0
       0
       0
       0
       0
       1
       1
       1
       1
       0
       0
       0
       0
       0
       0
       2
       0
       2
       0
       0
       0
       0
       1
       1
       0
       0
       0
       0
       1
       1
       1
       0
       0
       1
       1
       0
       0
       0
       1
       2
       0
       0
       1
       0
       1
       0
       1
       0
       1
       0
       0
       1
       0
       0
       0
       0
       0
       1
       0
       0
       0
       0
       0
       0
       0
       0
       0
       1
       1
       0
       0
       0
       0
       0
       0
       0
       0
       1
       1
       1
       0
       1
       0
       0
       0
       1
       1
       1
       1
       0
       0
       0
       1
       0
       2
       0
       0
       0
       0
       0
       0
       0
       1
       0
       0
       0
       0
       0
       0
       0
       0
       0
       0
       1
       0
       0
       0
       0
       3
       2
       0
       0
       1
       1
       0
       0
       0
       0
       1
       0
       0
       0
       0
       0
       0
       0
       0
       0
       1
       0
       0
       0
       0
       0
       0
       0
       0
       0
       0
       0
       0
       0
       1
       1
       0
       0
       0
       0
       0
       0
       1
       0
       0
       0
       0
       0
$ROI:
2
21 38
253 337
$PRESETS:
None
0
0
$ENER_FIT:
0.000000 2.050987
$MCA_CAL:
3
0.000000E+000 2.050987E+000 0.000000E+000 keV
$SHAPE_CAL:
3
7.710171E+000 0.000000E+000 0.000000E+000
