$SPEC_ID:
No sample description was entered.
$SPEC_REM:
DET# 1
DETDESC# SPACESCIENCE4 digiBASE-RH SN 15121435
AP# Maestro Version 7.01
$DATE_MEA:
10/02/2024 15:36:44
$MEAS_TIM:
299 300
$DATA:
0 1023
       0
       0
       0
       0
       0
     225
     671
     480
     474
     689
    1159
    1811
    2659
    3347
    3627
    3576
    3058
    2469
    1758
    1251
     845
     638
     573
     569
     546
     620
     639
     682
     739
     847
     930
    1019
    1198
    1211
    1319
    1385
    1523
    1480
    1500
    1444
    1276
    1198
    1041
     882
     778
     689
     584
     552
     511
     521
     473
     505
     508
     523
     505
     491
     517
     503
     446
     529
     538
     497
     513
     567
     546
     533
     569
     526
     531
     548
     568
     548
     524
     492
     515
     522
     534
     502
     508
     511
     468
     442
     482
     460
     451
     476
     420
     399
     420
     373
     371
     403
     335
     357
     347
     330
     335
     294
     313
     292
     275
     263
     282
     287
     263
     264
     244
     263
     274
     263
     281
     267
     235
     286
     293
     289
     290
     327
     291
     308
     313
     323
     325
     341
     329
     349
     343
     408
     395
     369
     334
     398
     404
     395
     388
     363
     395
     392
     403
     423
     380
     410
     399
     454
     478
     474
     471
     497
     527
     524
     549
     560
     556
     544
     573
     552
     585
     617
     563
     584
     520
     519
     483
     456
     486
     435
     400
     347
     321
     281
     317
     259
     238
     206
     223
     200
     180
     155
     144
     143
     116
      92
     114
     110
     102
      75
      63
      72
      71
      53
      59
      59
      57
      52
      45
      51
      48
      40
      29
      34
      37
      28
      28
      30
      22
      30
      24
      30
      16
      25
      19
      19
      12
      25
      19
      12
      23
      14
      19
      12
      18
      19
      10
      19
      11
      12
      15
      11
      12
      19
       9
      12
      14
      11
      20
      16
      10
       5
      12
      17
      10
      11
      13
      16
      11
      12
      10
      11
      18
       8
      11
      12
      12
      11
      14
       9
       9
      15
      19
       6
      19
      12
       8
      12
       9
       5
       8
      11
       8
       9
       9
       8
      12
       9
      13
      13
       9
       8
       9
       5
      15
      14
      11
      15
      12
       4
       9
       8
       7
      12
      10
       5
      10
      10
      12
       7
      12
      11
       4
       6
      14
       6
       6
       5
       7
       9
      13
      10
       5
      10
       8
       5
       4
       8
       3
       9
       5
       4
       5
       4
       4
       4
       8
       8
       7
       5
       7
       3
       7
       2
       6
       6
       7
       4
       8
       7
       5
       4
       9
       5
       5
       6
       5
       4
       5
       2
       4
       7
       4
       4
       4
       3
       4
       6
       4
       4
       5
       2
       4
       1
      10
       6
       8
       5
       6
       9
       5
       9
       3
       2
       6
       4
       5
       6
       4
       6
       5
       3
       4
       6
       7
       3
       3
       4
       4
       4
       8
       4
       2
       5
       6
       3
       6
       3
       3
       7
       4
       7
       6
       5
       7
       6
       9
       3
       4
       4
       1
       5
       5
       5
       7
       5
       4
       7
       3
       1
       5
       5
       7
       3
       4
       2
       3
       5
       3
       4
       1
      10
       4
       6
       4
       4
       1
       1
      11
       5
       3
       7
       5
       7
       7
       1
       5
       3
       0
       3
       1
       8
       5
       6
       5
       4
       1
       2
       6
       0
       2
       3
       4
       4
       5
       5
       5
       1
       5
       2
       5
       2
       4
       2
       4
       6
       1
       4
       5
       3
       5
       0
       3
       3
       3
       4
       6
       1
       4
       1
       3
       3
       1
       0
       1
       7
       2
       0
       3
       4
       4
       3
       1
       3
       1
       2
       1
       4
       2
       5
       2
       4
       1
       5
       1
       1
       2
       2
       4
       4
       1
       1
       0
       2
       6
       4
       3
       1
       3
       2
       2
       3
       3
       4
       2
       1
       3
       3
       3
       1
       4
       1
       3
       3
       3
       4
       2
       3
       3
       1
       0
       0
       1
       0
       0
       2
       1
       0
       3
       4
       0
       4
       3
       4
       3
       0
       5
       3
       2
       2
       2
       6
       1
       5
       1
       2
       0
       2
       1
       0
       1
       7
       2
       4
       0
       3
       2
       2
       7
       3
       0
       2
       5
       5
       2
       0
       4
       3
       4
       2
       9
       3
       4
       0
       2
       2
       2
       3
       5
       4
       3
       3
       3
       0
       6
       0
       1
       1
       2
       6
       2
       4
       5
       2
       0
       1
       2
       2
       3
       2
       4
       3
       1
       2
       1
       8
       1
       0
       2
       4
       2
       5
       5
       0
       1
       1
       1
       2
       4
       0
       1
       1
       0
       0
       1
       2
       0
       0
       1
       1
       3
       0
       6
       1
       1
       1
       0
       1
       2
       1
       1
       2
       0
       5
       1
       1
       2
       2
       2
       1
       0
       1
       0
       1
       0
       1
       1
       3
       1
       0
       2
       2
       0
       1
       0
       2
       2
       0
       0
       1
       0
       1
       1
       2
       1
       1
       0
       1
       0
       1
       2
       2
       1
       0
       2
       0
       0
       2
       2
       0
       0
       3
       1
       3
       1
       0
       1
       0
       1
       0
       1
       0
       0
       2
       1
       0
       0
       1
       1
       2
       0
       1
       1
       0
       1
       0
       2
       0
       1
       2
       0
       0
       2
       1
       0
       0
       0
       2
       0
       2
       1
       2
       1
       1
       1
       0
       0
       1
       0
       1
       0
       0
       0
       0
       0
       1
       1
       0
       0
       1
       0
       0
       0
       1
       1
       1
       0
       1
       0
       0
       0
       1
       0
       1
       0
       1
       0
       0
       1
       1
       0
       0
       1
       1
       0
       1
       0
       1
       0
       0
       0
       1
       1
       0
       1
       0
       1
       0
       0
       0
       0
       1
       0
       1
       0
       0
       0
       1
       0
       0
       0
       1
       0
       1
       0
       0
       0
       0
       0
       1
       0
       0
       0
       1
       0
       0
       2
       0
       1
       0
       1
       1
       0
       1
       1
       0
       0
       0
       0
       0
       0
       0
       0
       0
       0
       0
       1
       1
       0
       0
       0
       0
       2
       2
       0
       0
       1
       0
       0
       0
       0
       1
       1
       1
       1
       0
       0
       0
       0
       0
       0
       2
       0
       1
       1
       0
       1
       1
       0
       3
       1
       0
       0
       0
       1
       0
       1
       1
       1
       0
       0
       0
       0
       1
       0
       0
       0
       0
       0
       0
       0
       1
       0
       1
       0
       0
       1
       0
       0
       0
       0
       0
       0
       1
       0
       1
       0
       1
       0
       1
       0
       0
       1
       0
       0
       0
       1
       1
       1
       1
       0
       0
       1
       1
       0
       0
       0
       0
       0
       1
       0
       0
       0
       1
       0
       0
       0
       0
       0
       0
       0
       0
       0
       0
       0
       0
       2
       0
       0
       0
       0
       0
       0
       0
       0
       0
       0
       0
       0
       0
       0
       0
       1
       0
       0
       0
       0
       0
       0
       0
       1
       0
       0
       0
       0
       0
       0
       0
       0
       0
       0
       0
       0
       0
       0
       0
       0
       0
       0
       0
       1
       0
       0
       0
       1
       1
       0
       0
$ROI:
2
21 38
253 337
$PRESETS:
None
0
0
$ENER_FIT:
0.000000 2.050987
$MCA_CAL:
3
0.000000E+000 2.050987E+000 0.000000E+000 keV
$SHAPE_CAL:
3
7.710171E+000 0.000000E+000 0.000000E+000
