$SPEC_ID:
No sample description was entered.
$SPEC_REM:
DET# 2
DETDESC# SPACESCIENCE8 digiBASE-RH SN 15121449
AP# Maestro Version 7.01
$DATE_MEA:
09/30/2024 15:48:03
$MEAS_TIM:
298 299
$DATA:
0 1023
       0
       0
       0
       0
       0
       0
       0
       0
       0
       0
    1266
    5047
    6019
    6030
    5721
    5119
    4094
    3372
    2692
    2046
    1520
    1277
    1042
     863
     938
     995
     957
     996
    1092
    1124
    1237
    1300
    1446
    1536
    1614
    1659
    1720
    1737
    1724
    1674
    1543
    1501
    1443
    1314
    1143
    1029
     943
     813
     681
     624
     560
     529
     459
     443
     454
     416
     367
     383
     338
     406
     393
     380
     387
     374
     411
     421
     375
     400
     399
     424
     396
     368
     412
     395
     390
     404
     391
     402
     422
     362
     391
     374
     349
     353
     378
     391
     375
     364
     334
     345
     357
     355
     353
     343
     330
     313
     347
     343
     318
     292
     292
     290
     285
     302
     313
     297
     274
     287
     259
     303
     285
     258
     275
     245
     252
     279
     250
     261
     237
     246
     254
     233
     249
     249
     263
     250
     240
     276
     275
     296
     277
     294
     339
     281
     340
     341
     311
     344
     368
     388
     366
     372
     417
     414
     427
     397
     406
     450
     437
     420
     418
     446
     438
     432
     491
     422
     439
     493
     422
     463
     457
     505
     486
     528
     554
     579
     583
     605
     602
     662
     683
     696
     741
     734
     762
     786
     781
     766
     826
     808
     767
     796
     823
     784
     737
     759
     652
     668
     612
     586
     600
     537
     540
     462
     427
     406
     347
     383
     329
     290
     259
     267
     241
     214
     173
     158
     135
     131
     105
     117
      98
      78
      77
      80
      62
      59
      54
      46
      50
      46
      37
      43
      45
      30
      35
      23
      34
      26
      15
      21
      30
      22
      28
      15
      20
      15
      17
      20
      22
      25
      17
      20
      20
      28
      19
      18
      16
      17
      20
      18
      25
      23
      23
      24
      18
      15
      12
      25
      26
      18
      11
      21
      21
      16
      24
      16
      24
      14
      14
      25
      17
      13
      14
      17
      13
      10
      13
      17
      14
      13
      23
      23
      13
      22
      20
      22
      13
      19
      23
      16
      16
      14
      18
      16
      21
      19
      23
      22
      21
      12
      19
      18
       5
      22
      15
      19
      18
      17
      32
      21
      24
      18
      18
      20
      26
      14
      16
      18
      19
      21
      15
      14
      13
      16
      14
      13
      23
      15
      21
      16
      20
      22
      16
      13
      18
      18
       8
      20
      17
      23
      12
      16
      11
      16
      12
      13
       9
      10
      11
      14
      12
      13
       6
       8
      11
       8
      19
       6
      10
       5
      14
      13
       9
      13
      12
       7
       8
       9
       9
      14
       7
      12
      11
      11
      10
       5
      13
      13
      10
       6
      12
      13
      11
      10
      10
       2
       9
      13
      12
       6
      10
       6
      10
      11
       9
       9
       2
       7
       8
       9
       7
      14
       7
       6
       7
      13
       9
       8
       8
       8
       7
      12
       6
      11
      12
       6
       8
       3
       7
       5
       3
      12
       6
       5
       8
       8
       6
       5
       8
      10
       9
       5
       8
       9
       7
       5
       9
       7
       5
      12
       4
       4
       6
       9
       6
      12
      10
       9
       6
       7
       8
       6
       7
       6
      12
       6
      16
       8
       3
       9
      10
       7
       7
       8
       7
       4
       6
       6
       9
      10
      10
       8
       9
       5
      10
       6
      12
       9
       8
       6
      10
      10
       4
       5
       8
       8
       7
       7
      10
      13
       4
       5
       9
      15
       6
       4
       6
       5
       9
       9
       3
       8
       7
       6
       2
       9
       7
       6
       5
       6
       8
      12
       3
       5
       3
       4
      11
       0
       5
       7
       5
       5
       2
       7
       2
       1
      10
       7
       8
       6
       5
       4
       3
       6
       5
       2
       4
       3
       5
       3
       3
       9
       5
      12
       1
       7
       8
       3
       3
       5
       3
       5
       8
       6
       6
       2
       6
       6
       5
       6
       4
       7
       3
       8
       3
       5
       7
       2
       7
      10
       4
       5
       4
       8
       7
       5
       5
       7
       3
       6
       7
       6
       7
       3
       4
       4
       8
       3
       4
       4
       3
       2
       6
       1
       5
       0
       5
       6
       5
       6
       4
       4
       2
       5
       4
       3
       2
       7
       4
       3
       4
       5
       2
       5
       5
       5
       2
       2
       4
       3
       3
       2
       4
       5
       5
       3
       1
       2
       2
       4
       2
       3
       3
       3
       1
       3
       4
       3
       2
       2
       3
       1
       5
       5
       4
       4
       5
       5
       7
       3
       5
       0
       7
       4
       8
       4
       2
       4
       2
       2
       3
       5
       3
       3
       6
       1
       2
       3
       3
       1
       2
       2
       2
       2
       2
       2
       3
       2
       1
       3
       3
       0
       2
       3
       2
       6
       1
       3
       8
       3
       5
       1
       8
       4
       5
       5
       5
       2
       3
       6
       4
       5
       5
       6
       4
      10
       3
       7
       4
       4
       4
       4
       9
       9
      10
       7
      11
       6
       8
       4
       6
       6
       9
      11
       8
      11
       5
      14
      11
      16
       9
      15
       6
      11
      14
      10
      11
       7
       7
       7
       5
       9
      11
       7
       3
      15
      11
      11
       7
       9
       3
      13
      10
       6
      11
       6
       8
       8
       5
       9
       4
      13
       2
       6
       8
       3
       8
       4
      11
       4
       7
       6
       5
       3
       4
       2
       1
       3
       6
       4
       2
       8
       8
       4
       5
       2
       5
       2
       4
       4
       3
       2
       6
       1
       1
       4
       1
       4
       1
       5
       4
       1
       1
       0
       4
       3
       1
       1
       1
       0
       1
       2
       1
       1
       3
       2
       1
       1
       2
       1
       0
       1
       1
       1
       0
       3
       0
       0
       1
       2
       2
       0
       6
       1
       1
       2
       1
       2
       0
       2
       1
       1
       0
       0
       1
       2
       2
       2
       2
       1
       3
       2
       4
       3
       4
       4
       0
       2
       1
       1
       3
       1
       5
       2
       1
       0
       3
       2
       2
       0
       3
       0
       0
       2
       1
       3
       3
       2
       3
       1
       2
       4
       3
       1
       5
       1
       1
       2
       1
       0
       3
       2
       4
       3
       3
       1
       1
       4
       3
       5
       2
       2
       2
       2
       2
       1
       3
       1
       2
       1
       1
       1
       3
       1
       1
       1
       3
       2
       1
       1
       2
       0
       1
       1
       1
       2
       1
       1
       0
       2
       0
       1
       0
       2
       1
       2
       3
       1
       0
       0
       4
       1
       0
       4
       1
       0
       0
       1
       0
       0
       1
       0
       1
       2
       2
       0
       0
       1
       0
       0
       0
       1
       1
       0
       1
       1
       1
       1
       0
       0
       0
       4
       3
       2
       0
       0
       0
       1
       1
       1
       0
       0
       0
       0
       0
       0
       0
       0
       0
       1
       0
       0
       0
       1
       0
       0
       0
       0
       0
       2
       0
       1
       0
       0
       0
       0
       0
       1
       1
       0
       2
       1
       0
       0
       0
       1
       0
       1
       0
       1
       1
       0
       0
       3
$ROI:
4
10 146
279 400
564 664
667 763
$PRESETS:
None
0
0
$ENER_FIT:
0.000000 2.191293
$MCA_CAL:
3
0.000000E+000 2.191293E+000 0.000000E+000 keV
$SHAPE_CAL:
3
1.167119E+001 0.000000E+000 0.000000E+000
