$SPEC_ID:
No sample description was entered.
$SPEC_REM:
DET# 2
DETDESC# SPACESCIENCE8 digiBASE-RH SN 15121449
AP# Maestro Version 7.01
$DATE_MEA:
09/30/2024 16:24:07
$MEAS_TIM:
299 300
$DATA:
0 1023
       0
       0
       0
       0
       0
       0
       0
       0
       0
       0
    1573
    6438
    7424
    7491
    7239
    6134
    5308
    4326
    3168
    2405
    1892
    1461
    1212
    1051
    1039
    1054
    1090
    1194
    1219
    1370
    1585
    1652
    1848
    1937
    2120
    2259
    2291
    2300
    2288
    2235
    2127
    1988
    1797
    1639
    1515
    1334
    1212
    1030
     876
     766
     726
     609
     570
     552
     477
     524
     489
     422
     464
     460
     422
     479
     473
     436
     436
     480
     500
     481
     475
     482
     493
     503
     473
     509
     501
     502
     502
     492
     500
     509
     482
     508
     488
     490
     450
     474
     485
     455
     480
     512
     407
     426
     418
     448
     424
     441
     437
     401
     389
     413
     407
     389
     363
     366
     359
     371
     386
     365
     365
     341
     315
     343
     310
     343
     316
     325
     331
     328
     343
     304
     289
     329
     349
     334
     335
     354
     381
     341
     344
     368
     384
     397
     417
     390
     459
     451
     489
     498
     509
     524
     525
     530
     529
     593
     596
     559
     582
     633
     562
     635
     668
     622
     632
     573
     627
     632
     625
     643
     617
     717
     709
     635
     734
     739
     776
     799
     859
     876
     956
     951
     980
    1056
    1082
    1040
    1139
    1129
    1112
    1152
    1067
    1192
    1085
    1060
    1089
    1075
     988
    1012
    1012
     923
     935
     874
     821
     792
     696
     703
     578
     578
     520
     478
     466
     450
     403
     354
     317
     316
     290
     210
     217
     178
     180
     132
     130
     130
     106
     116
      78
      84
      69
      64
      49
      50
      54
      35
      50
      35
      36
      22
      37
      31
      27
      33
      32
      34
      34
      41
      29
      18
      26
      34
      14
      27
      16
      32
      28
      27
      27
      27
      21
      27
      22
      22
      20
      28
      19
      16
      30
      21
      17
      27
      18
      19
      22
      14
      25
      20
      16
      17
      20
      23
      20
      17
      33
      21
      19
      19
      27
      20
      17
      15
      23
      23
      21
      21
      19
      20
      19
      18
      24
      17
      22
      24
      22
      21
      28
      21
      23
      19
      21
      23
      27
      23
      25
      25
      27
      20
      24
      17
      19
      21
      25
      25
      31
      32
      22
      22
      22
      26
      20
      35
      42
      24
      34
      31
      36
      19
      35
      27
      25
      26
      35
      25
      32
      25
      22
      27
      32
      20
      23
      28
      18
      29
      21
      31
      18
      21
      29
      16
      27
      14
      29
      18
      33
      19
      23
      18
      10
      12
      11
      10
      13
      27
      17
      14
      12
       9
      20
      19
      11
       6
      10
      10
      16
      13
      10
      15
       6
       8
      12
      11
       9
      11
      11
      10
       5
       8
      13
      17
      12
      10
       9
       3
      13
       8
      11
      15
       8
      10
      10
       9
       8
       9
      10
       7
      13
      11
      12
       9
       6
      11
       8
       6
       6
       7
       9
       3
       7
      15
       3
       5
       8
       7
       5
      10
       6
      10
       8
       5
       5
       6
      11
       8
       8
       1
       7
       3
       7
       9
       4
       8
       8
       7
       9
      11
       9
       8
       4
       8
       6
       4
       7
       8
       7
       8
       9
       6
       4
       8
       6
       2
       4
       6
       7
       6
      10
       7
       7
       8
      12
       9
       9
      13
       7
       5
       5
       4
       2
       5
       7
       7
       6
       6
       3
      10
      11
       7
       6
      13
       7
       9
       3
       7
       7
       6
       6
      11
       2
      10
       4
       8
       3
      12
      11
       7
       8
       6
       2
      10
       6
      11
       6
       9
       5
       6
       8
       2
       5
       4
       9
       9
       3
      10
       7
       4
       2
       8
       6
       7
       7
       6
       3
       4
       7
       6
       6
       3
       3
       8
       3
       5
       7
       4
       8
       0
       3
       7
       5
       3
       3
       5
       3
       6
       5
       6
       7
       4
       5
       2
       5
       6
       4
       3
       1
      10
       5
       6
       5
       8
       5
       4
       2
       3
       3
       7
       6
       6
       3
       7
       4
       6
       3
       8
       3
       2
       6
       3
       2
       4
       4
       9
       3
       6
       5
       5
       4
       6
       5
       2
       4
       5
       6
       6
       6
       3
       5
       3
       5
       3
       1
       3
       2
       9
       3
       2
       0
       6
       6
       5
       1
       5
       3
       7
       3
       6
       5
       8
       5
       0
       6
       8
       3
       4
       3
       3
       3
       4
       3
       4
       6
       4
       2
       5
       7
       4
       1
       2
       0
       4
       3
       4
       2
       2
       2
       2
       3
       5
       3
       2
       2
       7
       2
       4
       5
       3
       5
       4
       2
       3
       3
       4
       6
       3
       3
       3
       2
       1
       1
       8
       2
       3
       5
       2
       3
       5
       4
       5
       2
       3
       3
       3
       2
       4
       2
       3
       4
       5
       4
       8
       4
       2
       6
       9
       7
       4
       9
       5
       1
       2
       7
       7
       6
       4
       6
       6
       5
       5
       5
       6
       7
       1
       7
       7
       3
       3
      10
       9
       8
       3
       8
      10
       6
       6
       6
       7
       8
      11
      11
       6
      12
       9
      10
       7
      10
       8
      12
       4
      14
      14
       9
       7
       8
       7
       6
       9
      13
       9
      11
       6
       8
       5
       7
      12
      10
       7
      12
       9
      13
       4
       3
       8
       7
       5
       9
       6
       6
       4
       6
       3
       3
       3
       2
       4
       7
       0
       5
       5
       7
       4
       5
       3
       1
       1
       3
       3
       3
       3
       4
       1
       6
       3
       4
       3
       1
       0
       3
       1
       1
       3
       1
       0
       4
       2
       2
       1
       0
       0
       0
       1
       0
       1
       0
       1
       0
       1
       1
       0
       1
       5
       2
       1
       2
       1
       2
       2
       1
       2
       1
       0
       3
       0
       1
       1
       1
       1
       0
       3
       2
       0
       2
       1
       0
       2
       2
       1
       3
       2
       0
       3
       1
       0
       1
       2
       1
       1
       1
       0
       2
       1
       1
       1
       2
       1
       1
       0
       3
       5
       3
       0
       1
       2
       2
       3
       0
       1
       5
       3
       3
       5
       2
       2
       0
       2
       3
       1
       2
       0
       1
       1
       2
       2
       1
       4
       3
       1
       2
       3
       1
       1
       0
       2
       4
       2
       2
       5
       1
       1
       4
       3
       0
       1
       3
       3
       1
       3
       0
       2
       1
       0
       0
       0
       2
       0
       1
       2
       0
       0
       2
       0
       0
       0
       2
       1
       1
       1
       0
       0
       1
       1
       0
       3
       2
       1
       0
       2
       1
       0
       1
       0
       0
       0
       2
       1
       2
       3
       3
       0
       2
       1
       1
       1
       2
       0
       1
       0
       1
       0
       0
       0
       0
       1
       1
       0
       1
       0
       0
       0
       0
       0
       0
       1
       1
       1
       0
       0
       0
       0
       0
       1
       0
       0
       0
       0
       1
       0
       1
       0
       0
       0
       3
       0
       0
       0
       0
       0
       0
       0
       1
       1
       0
       0
       0
       0
       0
       0
       0
       0
$ROI:
4
10 146
279 400
564 664
667 763
$PRESETS:
None
0
0
$ENER_FIT:
0.000000 2.191293
$MCA_CAL:
3
0.000000E+000 2.191293E+000 0.000000E+000 keV
$SHAPE_CAL:
3
1.167119E+001 0.000000E+000 0.000000E+000
