$SPEC_ID:
No sample description was entered.
$SPEC_REM:
DET# 2
DETDESC# SPACESCIENCE8 digiBASE-RH SN 15121449
AP# Maestro Version 7.01
$DATE_MEA:
09/30/2024 16:17:41
$MEAS_TIM:
299 300
$DATA:
0 1023
       0
       0
       0
       0
       0
       0
       0
       0
       0
       0
    1325
    5601
    6350
    6500
    6111
    5547
    4645
    3703
    2849
    2206
    1688
    1220
    1106
    1008
     876
     955
     996
    1025
    1205
    1244
    1318
    1411
    1525
    1683
    1761
    1756
    1919
    1870
    1925
    1881
    1775
    1625
    1531
    1423
    1257
    1083
     996
     866
     831
     666
     595
     590
     529
     489
     446
     410
     465
     434
     405
     408
     416
     363
     411
     436
     446
     392
     422
     452
     447
     397
     404
     446
     436
     405
     440
     457
     437
     450
     440
     423
     424
     400
     417
     461
     407
     423
     419
     403
     402
     367
     380
     389
     399
     380
     354
     376
     370
     335
     318
     340
     353
     327
     330
     324
     333
     319
     323
     300
     288
     300
     327
     293
     283
     271
     255
     310
     281
     295
     268
     268
     259
     263
     307
     277
     261
     251
     302
     276
     292
     304
     332
     339
     366
     362
     336
     385
     388
     423
     412
     426
     413
     431
     417
     445
     476
     448
     488
     473
     493
     482
     481
     501
     468
     440
     484
     491
     507
     515
     538
     522
     532
     543
     583
     581
     553
     643
     674
     683
     672
     724
     778
     823
     819
     840
     880
     904
     867
     933
     879
     870
     966
     883
     884
     840
     852
     815
     767
     753
     753
     734
     650
     597
     573
     575
     491
     505
     459
     381
     370
     347
     288
     271
     286
     219
     198
     184
     158
     168
     120
     135
     103
     102
      92
      99
      92
      70
      54
      66
      52
      45
      43
      41
      26
      37
      41
      30
      28
      22
      30
      41
      26
      29
      31
      26
      29
      26
      23
      27
      28
      31
      26
      26
      16
      18
      19
      26
      21
      17
      17
      30
      24
      20
      30
      22
      27
      27
      28
      30
      16
      17
      20
      24
      16
      14
      17
      24
      22
      15
      16
      26
      25
      21
      24
      34
      19
      15
      26
      13
      22
      17
      11
      18
      18
      22
      18
      16
      21
      15
      17
      25
      17
      26
      16
      25
      16
      24
      21
      16
      29
      13
      18
      31
      19
      25
      23
      33
      32
      37
      31
      31
      41
      23
      29
      19
      25
      22
      28
      15
      24
      21
      28
      21
      17
      21
      30
      23
      26
      36
      28
      19
      24
      35
      33
      27
      19
      21
      16
      14
      30
      27
      19
      21
      24
      31
      22
      10
      19
      28
      22
      25
      23
      11
      19
      13
      17
      23
      14
      14
      16
      14
       9
      12
      11
      15
       9
      10
      10
      11
      15
       7
      15
      13
      14
       7
      11
      11
      12
      13
       7
      16
       6
      15
       9
       6
       6
      11
       9
       9
       8
       9
       9
      19
      10
       7
      11
      12
       7
       4
       6
       7
       8
       8
      12
      10
      11
       6
       9
       9
      12
       9
       4
      10
       4
       7
       9
       9
       5
       7
       6
       8
      10
       8
       5
       9
       9
       9
       8
      16
       7
       6
      12
      10
       5
       4
       9
       5
       5
       8
       4
       9
       5
       5
       8
      11
       9
       4
      13
       2
       9
       6
       6
       7
      11
       5
       6
       6
       7
       5
       7
       6
       5
       8
       5
       7
       8
      11
       4
      11
       5
       6
       7
       8
       9
      11
      10
      10
      11
       6
       6
       4
       4
       9
       9
      13
       8
       1
       5
       8
      10
       7
       9
       6
       9
       6
       4
       7
       5
       9
       4
      12
       5
       5
       4
       8
      14
       6
       6
       6
       5
       5
       9
       8
       8
       3
       6
       8
       7
       7
       6
       4
       2
       3
       2
       7
       5
       2
      11
       6
       0
       1
       3
       2
       3
       9
       8
       5
       5
       3
       3
       6
      12
       6
       4
       3
       3
       6
       6
       5
       4
       4
       3
       2
       4
       4
       6
       6
       6
       5
       7
       7
       4
       4
       6
       2
       7
       2
       8
       5
       6
       5
       6
       3
       1
       6
       4
       6
       5
       7
       7
       7
       4
       2
       3
       3
       5
       6
       6
       7
       3
       6
       9
       1
       4
       3
       5
       4
       8
       2
       8
       5
       4
       4
       5
       3
       3
       3
       7
       6
       4
       5
       6
       4
       3
       1
       3
       7
       2
       3
       5
       5
       3
       3
       3
       4
       6
       1
       3
       7
       7
       6
       3
       2
       7
       3
       5
       4
       3
       2
       6
       2
       1
       2
       5
       2
       3
       3
       3
       3
       7
       1
       1
       1
       3
       0
       4
       5
       5
       5
       2
       3
       1
       4
       3
       3
       4
       6
       2
       2
       0
       3
       2
       5
       2
       1
       1
       3
       2
       5
       2
       3
       3
       1
       2
       2
       6
       1
       5
       3
       5
       2
       5
       6
       3
       4
       3
       2
       5
       8
       3
       4
       5
       4
       5
       5
       9
       8
       3
       6
       6
       6
       5
       2
       6
       5
      11
       7
      10
       5
       6
       8
       8
       5
       6
       5
       9
       8
       9
       6
      16
       9
       6
       6
       7
       8
      12
       7
      14
       6
      10
       4
      10
      10
      15
      10
       6
      11
       8
      16
      15
       9
       8
       9
      11
       8
       3
      10
      10
      10
       5
       8
       8
      12
      10
       5
       6
       4
       9
       6
       5
       5
       8
       7
       5
      10
       2
       9
       6
       7
       1
       2
       4
       3
       4
       1
       2
       3
       5
       5
       4
       1
       2
       1
       3
       1
       2
       5
       4
       3
       0
       4
       1
       1
       0
       6
       1
       3
       2
       0
       1
       0
       2
       1
       4
       0
       5
       2
       1
       1
       0
       1
       3
       0
       0
       0
       1
       1
       2
       5
       0
       1
       1
       3
       0
       2
       2
       1
       3
       2
       2
       1
       1
       1
       1
       1
       1
       0
       2
       0
       1
       1
       0
       2
       3
       1
       0
       1
       3
       4
       2
       1
       1
       1
       2
       1
       2
       3
       3
       1
       0
       1
       2
       1
       1
       4
       1
       2
       1
       1
       3
       2
       3
       1
       1
       3
       3
       2
       1
       4
       0
       2
       1
       2
       2
       0
       1
       2
       1
       3
       1
       1
       0
       5
       1
       0
       1
       3
       2
       1
       2
       4
       2
       0
       1
       1
       3
       3
       2
       1
       0
       1
       1
       1
       2
       0
       3
       1
       0
       0
       2
       0
       2
       0
       2
       1
       5
       2
       1
       2
       0
       1
       1
       1
       0
       3
       2
       1
       1
       1
       0
       1
       0
       1
       1
       0
       2
       0
       2
       0
       4
       1
       2
       0
       1
       2
       1
       1
       0
       1
       0
       0
       0
       1
       1
       1
       0
       0
       0
       0
       1
       0
       0
       0
       0
       0
       0
       0
       2
       0
       0
       1
       0
       0
       0
       1
       1
       0
       1
       0
       1
       0
       0
       0
       1
       1
       0
       0
       1
       0
       1
       0
       0
       2
       1
       1
       1
       0
       0
       0
       1
       0
       0
       0
       0
       1
$ROI:
4
10 146
279 400
564 664
667 763
$PRESETS:
None
0
0
$ENER_FIT:
0.000000 2.191293
$MCA_CAL:
3
0.000000E+000 2.191293E+000 0.000000E+000 keV
$SHAPE_CAL:
3
1.167119E+001 0.000000E+000 0.000000E+000
