$SPEC_ID:
No sample description was entered.
$SPEC_REM:
DET# 1
DETDESC# SPACESCIENCE4 digiBASE-RH SN 15121435
AP# Maestro Version 7.01
$DATE_MEA:
10/02/2024 15:42:54
$MEAS_TIM:
299 300
$DATA:
0 1023
       0
       0
       0
       0
       0
     267
     755
     634
     675
    1012
    1766
    2700
    3821
    4631
    4883
    4535
    3714
    2804
    1963
    1273
     931
     746
     577
     598
     648
     723
     762
     866
    1027
    1045
    1207
    1341
    1419
    1579
    1699
    1681
    1707
    1769
    1710
    1507
    1363
    1155
    1021
     930
     752
     731
     628
     598
     545
     566
     519
     551
     519
     545
     554
     556
     587
     589
     540
     509
     526
     604
     602
     561
     600
     561
     592
     604
     626
     567
     608
     600
     577
     584
     590
     591
     593
     603
     503
     563
     561
     523
     496
     518
     489
     512
     454
     450
     481
     451
     438
     433
     405
     430
     396
     350
     361
     370
     395
     373
     343
     304
     335
     308
     306
     307
     259
     298
     341
     291
     302
     331
     288
     306
     365
     306
     349
     341
     359
     389
     368
     395
     387
     338
     400
     423
     426
     417
     452
     407
     447
     430
     453
     436
     505
     463
     430
     468
     466
     502
     489
     509
     531
     528
     570
     587
     599
     627
     632
     646
     655
     679
     712
     692
     657
     652
     624
     635
     600
     654
     625
     594
     529
     519
     514
     450
     489
     461
     405
     404
     405
     347
     325
     298
     264
     226
     242
     223
     179
     184
     178
     172
     148
     141
     107
     116
     105
     102
      96
      90
      72
      77
      64
      77
      79
      50
      65
      53
      48
      46
      62
      39
      31
      38
      40
      34
      40
      29
      25
      30
      25
      29
      24
      23
      22
      17
      27
      23
      29
      20
      15
      16
      16
      14
      15
      25
      19
      11
      12
      19
      16
      11
      17
      14
      14
      11
      13
       7
      16
       8
       9
      14
       9
      15
      10
      11
      15
      13
      10
      13
      16
      18
      13
      14
      18
      13
      11
       7
      15
      11
       8
      12
       7
      10
       5
      15
      12
      12
      12
       8
       7
      12
      11
       3
       4
       9
       7
       8
       6
       9
      11
       8
      12
      10
      10
       8
       8
      11
       7
       9
      10
       7
      13
       9
       7
      12
       7
       8
      11
       7
       8
       4
       3
      12
      12
       6
       8
       8
       5
       7
       8
       8
       8
       9
      11
       9
       6
       4
       6
       7
       9
       4
       7
       6
       8
       7
       1
       4
       8
       5
       3
       6
       7
       6
       8
       6
       7
       1
       3
       4
       8
       9
       4
       8
       5
       7
       5
       5
       6
       6
       8
       1
       2
       6
       6
       6
       9
       7
       6
       6
      10
       3
       8
       6
       3
       4
       7
       3
       5
       5
       7
       5
       3
      11
       2
       6
       4
       7
       6
       5
       5
       2
       4
       7
       6
       5
       4
       6
       6
       6
       3
       5
       2
       0
       5
       6
       5
       3
       2
       5
       2
       7
       2
       5
       5
       6
       1
       5
       3
       6
       4
       8
       3
       4
       4
       1
       2
       7
       1
       5
       3
       1
       3
       3
      11
       5
       2
       8
       4
       7
       4
       2
       1
       3
       6
       3
       2
       2
       5
       8
       5
       1
       4
       4
       4
       4
       4
       8
       2
       3
       1
       2
       2
       1
       2
       6
       7
       2
       1
       2
       2
       4
       0
       6
       6
       5
       4
       2
       2
       6
       2
       5
       3
       7
       3
       2
       2
       3
       4
       5
       2
       5
       7
       3
       3
       1
       7
       4
       5
       5
       1
       1
       2
       2
       4
       1
       6
       8
       6
       0
       3
       2
       4
       5
       1
       0
       4
       3
       1
       3
       1
       1
       9
       4
       0
       3
       5
       1
       4
       4
       3
       3
       7
       3
       1
       0
       3
       7
       0
       2
       3
       5
       3
       4
       2
       2
       0
       1
       1
       1
       2
       0
       4
       3
       2
       0
       1
       1
       3
       1
       1
       4
       2
       2
       3
       3
       1
       5
       2
       3
       3
       5
       1
       4
       1
       3
       0
       3
       0
       1
       2
       0
       2
       2
       1
       4
       5
       1
       0
       1
       1
       3
       1
       2
       0
       3
       2
       3
       2
       5
       4
       1
       2
       2
       3
       2
       4
       1
       5
       3
       1
       3
       1
       3
       2
       2
       2
       3
       2
       5
       2
       0
       5
       3
       3
       2
       4
       4
       3
       1
       3
       5
       4
       2
       1
       1
       3
       1
       2
       5
       1
       0
       1
       2
       0
       1
       3
       2
       0
       5
       2
       1
       1
       3
       3
       1
       3
       3
       0
       1
       2
       1
       0
       0
       2
       2
       3
       0
       2
       0
       1
       4
       0
       3
       2
       3
       3
       3
       0
       2
       1
       0
       2
       0
       1
       3
       1
       1
       1
       1
       4
       3
       0
       0
       0
       2
       2
       1
       2
       4
       1
       0
       1
       2
       0
       1
       1
       1
       2
       0
       0
       2
       0
       0
       0
       2
       3
       0
       0
       2
       1
       1
       0
       1
       2
       0
       0
       1
       1
       0
       1
       0
       1
       0
       0
       0
       0
       2
       2
       2
       0
       1
       2
       2
       1
       0
       2
       1
       0
       0
       2
       1
       1
       0
       0
       0
       0
       2
       1
       1
       1
       1
       0
       0
       0
       0
       1
       0
       2
       0
       1
       0
       0
       0
       0
       0
       0
       0
       0
       0
       2
       0
       2
       0
       0
       0
       0
       0
       2
       1
       2
       0
       2
       1
       0
       0
       1
       3
       0
       0
       1
       0
       0
       0
       0
       0
       0
       0
       2
       0
       0
       1
       1
       0
       0
       2
       0
       0
       0
       0
       0
       2
       1
       0
       1
       1
       0
       1
       0
       0
       0
       0
       0
       0
       0
       1
       0
       1
       0
       2
       0
       1
       1
       1
       0
       1
       0
       0
       0
       0
       0
       0
       1
       2
       1
       0
       1
       0
       0
       0
       0
       0
       0
       1
       0
       0
       0
       0
       1
       0
       1
       0
       2
       0
       0
       0
       0
       0
       0
       0
       0
       0
       0
       0
       0
       0
       1
       0
       0
       0
       0
       0
       0
       1
       0
       0
       0
       0
       0
       4
       0
       0
       0
       0
       1
       1
       1
       0
       0
       0
       1
       1
       0
       0
       1
       0
       0
       0
       1
       0
       0
       0
       0
       0
       0
       0
       1
       0
       0
       2
       0
       0
       0
       2
       2
       0
       0
       1
       0
       2
       1
       0
       0
       0
       0
       0
       0
       0
       0
       0
       0
       0
       0
       1
       0
       0
       0
       0
       1
       0
       0
       1
       0
       0
       0
       0
       0
       0
       0
       1
       0
       0
       0
       0
       0
       1
       0
       0
       0
       1
       0
       0
       1
       0
       1
       0
       0
       0
       0
       0
       0
       0
       0
       1
       0
       0
       0
       0
       0
       0
       0
       0
       0
       0
       0
       0
       0
       0
       0
       0
       0
       0
       0
       0
       1
       0
       0
       0
       0
       0
       0
       0
       0
       0
       1
       0
       0
       1
       0
       0
       0
       0
       1
       0
$ROI:
2
21 38
253 337
$PRESETS:
None
0
0
$ENER_FIT:
0.000000 2.050987
$MCA_CAL:
3
0.000000E+000 2.050987E+000 0.000000E+000 keV
$SHAPE_CAL:
3
7.710171E+000 0.000000E+000 0.000000E+000
