$SPEC_ID:
No sample description was entered.
$SPEC_REM:
DET# 1
DETDESC# SPACESCIENCE4 digiBASE-RH SN 15121435
AP# Maestro Version 7.01
$DATE_MEA:
10/02/2024 15:22:08
$MEAS_TIM:
299 300
$DATA:
0 1023
       0
       0
       0
       0
       0
     199
     584
     397
     320
     443
     840
    1486
    2273
    3186
    3827
    4111
    3693
    3042
    2335
    1448
    1059
     654
     532
     483
     514
     490
     510
     573
     587
     654
     710
     717
     852
     967
    1132
    1273
    1290
    1394
    1384
    1376
    1349
    1182
    1109
    1004
     854
     733
     627
     556
     543
     499
     488
     450
     474
     440
     405
     433
     437
     463
     491
     419
     451
     479
     442
     479
     422
     423
     492
     469
     431
     482
     484
     456
     411
     443
     444
     446
     443
     416
     431
     431
     425
     440
     391
     354
     386
     362
     367
     356
     306
     359
     356
     333
     325
     292
     321
     283
     282
     290
     283
     281
     248
     253
     242
     250
     249
     237
     219
     216
     210
     208
     213
     220
     242
     226
     213
     243
     241
     264
     294
     268
     242
     280
     281
     284
     306
     321
     285
     289
     330
     345
     330
     315
     337
     378
     345
     318
     346
     325
     309
     326
     309
     332
     371
     335
     373
     369
     376
     366
     448
     434
     459
     491
     518
     490
     517
     520
     464
     489
     525
     479
     501
     467
     412
     415
     417
     370
     376
     332
     307
     288
     270
     230
     204
     224
     197
     165
     184
     145
     152
     117
     116
      98
      95
      69
      74
      79
      70
      52
      59
      54
      45
      56
      46
      49
      58
      44
      36
      25
      32
      23
      37
      32
      15
      25
      24
      19
      11
      21
      19
      21
      21
      19
      18
      10
      17
      22
      12
      21
      16
      18
      11
      14
      26
      11
      15
      10
      12
      14
      12
      12
       6
      17
      11
      17
       8
      11
       6
       9
       8
      16
       5
      18
       6
      10
      12
      11
      13
      17
      11
      10
      11
      10
      14
      13
      17
      15
      11
      16
       9
      11
       9
      14
       9
       5
      15
      11
      11
      12
       7
      11
       8
      10
       7
       8
      13
      11
       7
      10
       7
      10
      14
       8
       6
      11
      10
      13
      11
       7
       5
       7
       2
       3
       7
       7
       7
      10
       7
       4
      12
       9
       6
      11
       6
       7
       8
       5
       4
       7
       6
       5
       6
       6
       5
       7
       7
       1
       9
       8
       8
       3
       3
       6
       8
      11
       8
       7
       7
       9
       9
       9
       8
       6
       0
       5
       3
       4
       9
       5
       5
       7
       9
       2
       7
       4
       7
       9
       9
      10
       4
       5
       6
       5
       2
       4
       4
       5
       5
       2
       2
       9
       4
       7
       3
       3
       3
       4
       2
       5
       6
       2
       5
       4
       5
       6
       7
       4
       3
       8
       7
       4
       3
       8
       7
       4
       5
       8
       6
       3
       2
       4
      10
       6
       4
       8
       3
       8
       3
       6
       2
       5
       7
       4
       3
       6
       4
       6
       2
       5
       5
       0
       3
       7
       6
       7
       3
       6
       1
       6
       4
       3
       2
       0
       4
       5
       5
       4
       5
       4
       7
       3
       2
       5
       4
       3
       3
       5
       4
       1
       4
       3
       3
       5
       3
       2
       0
       6
       5
       1
       6
       1
       6
       4
       5
       4
       0
       3
       4
       3
       1
       3
       1
       2
       4
       2
       2
       2
       6
       7
       3
       2
       7
       4
       4
       6
       1
       3
       4
       1
       3
       3
       4
       3
       4
       3
       4
       3
       3
       5
       4
       4
       4
       2
       4
       1
       2
       3
       2
       1
       5
       2
       4
       5
       2
       5
       2
       2
       3
       2
       2
       1
       5
       2
       5
       3
       2
       2
       1
       1
       2
       4
       3
       2
       6
       2
       3
       2
       1
       0
       3
       1
       2
       2
       4
       3
       2
       3
       3
       4
       2
       3
       4
       3
       2
       0
       0
       1
       2
       2
       2
       2
       3
       3
       1
       1
       3
       2
       3
       0
       1
       2
       3
       3
       3
       4
       5
       2
       0
       3
       2
       3
       1
       2
       2
       1
       0
       1
       3
       0
       2
       3
       5
       3
       3
       0
       5
       3
       0
       3
       2
       4
       6
       1
       5
       6
       4
       4
       2
       2
       4
       1
       1
       4
       2
       4
       2
       3
       2
       3
       4
       0
       4
       2
       5
       3
       1
       4
       3
       3
       3
       1
       5
       0
       4
       4
       4
       3
       1
       5
       1
       2
       0
       3
       1
       0
       3
       2
       1
       1
       2
       2
       1
       1
       2
       2
       0
       2
       1
       2
       1
       1
       1
       3
       1
       1
       2
       0
       2
       1
       2
       0
       2
       2
       0
       2
       1
       2
       1
       2
       3
       1
       2
       0
       1
       1
       1
       1
       1
       1
       2
       4
       0
       0
       0
       2
       0
       0
       1
       3
       1
       1
       1
       3
       3
       0
       1
       3
       0
       2
       2
       1
       1
       0
       1
       0
       2
       0
       1
       0
       2
       0
       1
       0
       2
       2
       1
       0
       0
       0
       1
       3
       1
       0
       1
       0
       0
       0
       0
       0
       0
       3
       1
       2
       0
       0
       0
       1
       1
       0
       0
       3
       0
       3
       1
       0
       1
       2
       0
       0
       0
       0
       0
       1
       0
       0
       0
       0
       0
       0
       1
       1
       2
       0
       2
       0
       0
       0
       0
       0
       0
       1
       1
       1
       0
       0
       0
       0
       0
       0
       2
       2
       0
       0
       0
       0
       1
       2
       0
       0
       2
       0
       0
       1
       0
       0
       2
       1
       0
       1
       0
       0
       1
       1
       1
       0
       2
       0
       0
       0
       1
       1
       1
       0
       0
       0
       0
       0
       0
       1
       1
       0
       1
       0
       1
       0
       0
       0
       0
       0
       1
       0
       1
       1
       0
       0
       0
       0
       0
       0
       0
       0
       0
       0
       0
       2
       0
       0
       0
       0
       2
       0
       0
       1
       0
       1
       0
       0
       0
       0
       1
       0
       0
       0
       0
       0
       0
       0
       0
       0
       2
       0
       1
       0
       0
       0
       2
       0
       1
       0
       0
       1
       3
       0
       1
       1
       0
       1
       0
       1
       0
       0
       0
       0
       0
       0
       0
       0
       0
       0
       1
       0
       0
       0
       0
       0
       0
       0
       1
       0
       0
       1
       0
       0
       0
       1
       0
       0
       0
       1
       2
       1
       1
       1
       1
       0
       1
       1
       1
       0
       0
       1
       0
       0
       0
       1
       0
       0
       0
       0
       1
       0
       0
       0
       0
       0
       1
       0
       0
       0
       0
       0
       1
       0
       0
       1
       0
       1
       0
       0
       0
       1
       0
       0
       0
       0
       0
       0
       0
       1
       0
       0
       0
       0
       1
       0
       0
       0
       0
       0
       0
       0
       0
       0
       1
       0
       0
       0
       1
       1
       0
       0
       0
       0
       1
       0
       0
       0
       0
       0
       0
       0
       0
       1
       0
       0
       0
       0
       0
       0
       0
       0
       0
       0
       0
       0
       1
       0
       0
       0
       0
       0
       0
       1
       0
       0
$ROI:
2
21 38
253 337
$PRESETS:
None
0
0
$ENER_FIT:
0.000000 2.050987
$MCA_CAL:
3
0.000000E+000 2.050987E+000 0.000000E+000 keV
$SHAPE_CAL:
3
7.710171E+000 0.000000E+000 0.000000E+000
