$SPEC_ID:
No sample description was entered.
$SPEC_REM:
DET# 1
DETDESC# SPACESCIENCE4 digiBASE-RH SN 15121435
AP# Maestro Version 7.01
$DATE_MEA:
10/02/2024 15:03:34
$MEAS_TIM:
300 300
$DATA:
0 1023
       0
       0
       0
       0
       0
      88
     267
     167
      99
      80
      97
     107
     107
     148
     124
     121
     130
     113
      77
      99
      86
      64
      97
      94
     104
     100
     113
     143
     134
     167
     158
     176
     176
     193
     214
     226
     201
     216
     241
     239
     240
     256
     229
     216
     246
     230
     216
     214
     225
     243
     254
     229
     234
     185
     235
     184
     210
     197
     181
     174
     210
     183
     174
     171
     146
     161
     157
     160
     161
     166
     160
     167
     134
     160
     145
     147
     142
     145
     135
     131
     118
     106
     122
     102
     119
     120
     111
     110
     105
     108
     112
      91
      98
      88
      91
      91
      91
      89
      77
      86
      76
      95
      69
      85
      82
      65
      64
      78
      70
      69
      70
      44
      56
      74
      82
      59
      51
      56
      54
      59
      45
      45
      65
      46
      42
      45
      49
      42
      45
      53
      50
      44
      40
      54
      36
      54
      53
      47
      46
      45
      43
      35
      44
      28
      35
      43
      34
      48
      37
      38
      43
      32
      47
      28
      29
      38
      31
      31
      33
      32
      26
      19
      32
      25
      27
      21
      31
      29
      31
      27
      20
      26
      23
      19
      26
      19
      30
      18
      13
      24
      14
      22
      31
      17
      16
      20
      17
      27
      14
      17
      26
      23
      15
      14
      19
      11
      15
      20
      20
      13
      20
      19
      17
      17
      18
      11
      20
      14
      15
      12
      17
      21
      16
      18
      17
      18
       9
      11
      13
      11
       8
      17
       9
      12
      14
      11
      19
      18
      10
      10
      16
      24
      12
      12
      10
      20
      12
      10
       7
      15
      15
      11
      13
       9
       5
      11
      11
      12
      15
      10
      10
      13
      11
      13
       9
      14
      12
      18
      13
      15
      10
      12
      12
      15
      17
      11
      11
      10
       8
      12
       9
       9
       8
      13
      10
       9
       5
       8
      11
       8
       8
       8
      11
      11
      11
       7
       5
       9
       9
       5
       6
      13
       8
      10
       7
       8
      12
       6
       4
       9
       5
       3
       5
      10
       4
       6
       8
       6
       7
      10
      10
       6
       7
      11
       6
       9
       9
       5
       4
       8
       8
       5
       2
       4
       6
       6
       8
       7
       5
       4
       6
       2
      10
       7
       7
       7
       6
       6
       1
       5
       6
       2
       7
      11
       4
       0
       1
       4
       9
       6
       8
       4
       5
       6
       2
       7
       6
       6
       5
       3
       6
       5
       8
       0
       3
       5
       9
       2
       4
       4
       1
       7
       1
       1
      11
       7
       4
       2
       4
       7
       8
       6
       8
       4
       3
       6
       3
       6
       3
       2
       9
       5
       2
       6
       6
       4
       5
       4
       7
       4
       2
       5
       2
       7
      11
       0
       2
       4
       4
       3
       6
       6
       2
       3
       5
       2
       0
       5
       6
       4
       3
       5
       6
       6
       3
       4
       2
       2
       4
       6
       4
       3
       3
       4
       7
       3
       5
       3
       3
       2
       2
       2
       1
       4
       4
       4
       4
       3
       3
       3
       6
       1
       2
       3
       2
       1
       1
       3
       3
       2
       5
       9
       1
       4
       4
       3
       8
       3
       1
       3
       7
       4
       4
       1
       4
       2
       5
       3
       2
       3
       3
       1
       2
       3
       5
       3
       4
       4
       1
       4
       4
       3
       1
       6
       5
       3
       1
       4
       4
       2
       3
       5
       2
       3
       3
       3
       7
       2
       3
       2
       3
       3
       0
       2
       0
       0
       6
       3
       4
       2
       1
       0
       2
       1
       2
       2
       2
       2
       4
       1
       2
       1
       1
       1
       5
       2
       2
       2
       2
       3
       2
       1
       4
       3
       3
       3
       2
       4
       0
       1
       2
       2
       4
       3
       0
       2
       3
       2
       3
       2
       2
       5
       1
       2
       0
       2
       1
       2
       2
       2
       1
       3
       2
       3
       1
       3
       5
       3
       3
       3
       5
       0
       1
       4
       2
       3
       1
       3
       3
       2
       6
       1
       5
       2
       1
       4
       3
       1
       1
       1
       1
       1
       2
       1
       4
       1
       3
       3
       3
       0
       4
       2
       3
       2
       3
       0
       2
       3
       2
       3
       3
       2
       2
       4
       3
       1
       1
       2
       0
       1
       0
       1
       0
       2
       7
       0
       4
       4
       0
       1
       2
       2
       3
       0
       2
       2
       1
       3
       4
       2
       1
       1
       5
       4
       3
       1
       0
       2
       3
       1
       1
       2
       1
       2
       0
       0
       2
       0
       2
       0
       1
       4
       0
       1
       0
       1
       0
       0
       2
       0
       2
       2
       0
       0
       0
       3
       2
       1
       1
       1
       0
       2
       0
       1
       1
       3
       0
       2
       0
       0
       1
       0
       0
       3
       1
       1
       2
       1
       0
       0
       2
       3
       1
       1
       1
       0
       3
       1
       1
       3
       2
       1
       0
       1
       1
       0
       1
       1
       1
       1
       1
       0
       1
       0
       0
       1
       0
       0
       3
       2
       0
       1
       1
       0
       0
       2
       1
       2
       0
       0
       0
       2
       2
       0
       0
       0
       0
       1
       1
       2
       1
       0
       0
       0
       1
       0
       0
       0
       1
       0
       0
       0
       0
       1
       1
       0
       1
       1
       0
       0
       1
       0
       0
       1
       0
       1
       1
       0
       1
       0
       0
       2
       0
       0
       1
       0
       1
       0
       1
       2
       0
       1
       0
       0
       0
       0
       0
       0
       1
       0
       0
       1
       1
       0
       0
       0
       1
       0
       2
       0
       0
       0
       0
       0
       0
       1
       0
       0
       0
       0
       0
       0
       0
       2
       0
       0
       1
       0
       2
       0
       1
       0
       0
       0
       0
       1
       2
       1
       0
       0
       1
       2
       0
       1
       0
       1
       0
       0
       0
       1
       2
       0
       0
       0
       1
       1
       0
       0
       1
       0
       0
       1
       0
       0
       0
       1
       0
       1
       0
       1
       0
       0
       1
       1
       0
       1
       0
       3
       0
       0
       0
       1
       0
       0
       0
       0
       0
       0
       1
       0
       0
       0
       0
       1
       0
       2
       1
       0
       0
       0
       0
       0
       1
       2
       0
       0
       1
       1
       0
       0
       1
       0
       0
       0
       1
       0
       0
       0
       0
       0
       1
       0
       0
       0
       0
       0
       2
       0
       0
       0
       0
       0
       0
       0
       0
       0
       0
       0
       0
       0
       0
       0
       0
       1
       1
       1
       1
       0
       0
       0
       0
       0
       0
       0
       0
       0
       1
       0
       0
       0
       0
       0
       0
       1
       0
       0
       0
       0
       0
       0
       0
       0
       0
       0
       0
       0
       0
       1
       0
       0
       0
       0
       0
       0
       0
       0
       0
       0
       0
       0
       0
       1
       0
       0
       0
       0
       0
       0
       0
       0
       0
       0
       0
       0
       0
       0
       0
       0
       1
       0
       1
       1
       0
       0
$ROI:
2
21 38
253 337
$PRESETS:
None
0
0
$ENER_FIT:
0.000000 2.050987
$MCA_CAL:
3
0.000000E+000 2.050987E+000 0.000000E+000 keV
$SHAPE_CAL:
3
7.710171E+000 0.000000E+000 0.000000E+000
