$SPEC_ID:
No sample description was entered.
$SPEC_REM:
DET# 2
DETDESC# SPACESCIENCE8 digiBASE-RH SN 15121449
AP# Maestro Version 7.01
$DATE_MEA:
09/30/2024 15:16:16
$MEAS_TIM:
299 299
$DATA:
0 1023
       0
       0
       0
       0
       0
       0
       0
       0
       0
       0
      31
      83
      92
      94
      89
      92
     100
     109
     125
     133
     143
     143
     171
     163
     167
     179
     223
     219
     207
     233
     218
     250
     269
     275
     277
     265
     262
     295
     283
     280
     277
     258
     252
     263
     242
     221
     220
     229
     194
     209
     217
     194
     210
     174
     169
     187
     156
     187
     166
     175
     153
     172
     163
     145
     150
     148
     156
     145
     131
     130
     136
     157
     126
     147
     138
     118
     126
     148
     143
     141
     139
     103
     121
      99
     128
     102
     124
     108
      91
      95
      96
      95
     114
      97
     118
     101
     105
     103
      97
      86
      91
      92
     106
      90
     102
      85
      91
      75
      69
      97
      83
      92
      79
      81
      82
      74
      73
      66
      75
      67
      82
      62
      75
      64
      62
      68
      67
      71
      72
      72
      60
      55
      68
      70
      68
      53
      48
      59
      54
      42
      55
      61
      56
      48
      59
      49
      56
      52
      48
      48
      43
      56
      50
      55
      49
      44
      43
      38
      60
      48
      48
      45
      40
      53
      44
      42
      52
      47
      44
      39
      34
      41
      51
      39
      39
      39
      32
      36
      43
      33
      32
      44
      30
      27
      40
      32
      21
      31
      31
      31
      36
      31
      27
      30
      26
      36
      24
      26
      28
      26
      25
      31
      29
      27
      18
      25
      20
      32
      22
      17
      30
      27
      24
      24
      23
      14
      15
      19
      29
      29
      16
      19
      24
      21
      16
      16
      22
      21
      26
      22
      23
      28
      17
      24
      20
      21
      16
      21
      26
      26
      26
      23
      20
      21
      17
      21
      23
      21
      20
      12
      28
      23
      29
      17
      13
      27
      22
      14
      17
      17
      12
      17
      27
      16
      12
      19
      19
      16
      17
      12
      12
      21
      23
      17
      22
      15
      15
      23
      11
      14
      16
      15
      15
      21
      23
      16
      16
      15
      20
      22
      14
      25
      15
      23
      21
      15
      16
      19
      18
      19
      20
      19
      14
      17
      18
      23
      11
      15
      13
      14
      22
      12
      21
      17
      15
      21
      19
      17
      16
      19
      23
      17
       7
      13
      13
      15
      11
       9
      13
       9
       9
      13
      14
      11
      17
       9
      10
       9
      15
      11
       6
       9
       6
       7
       8
      11
       9
       9
       9
      10
      11
       9
       8
      15
      12
       9
      14
       8
       5
       8
       5
       8
       7
      13
      12
      14
      11
      13
      10
       8
       7
       4
      11
       5
       5
       8
      17
       6
      13
       9
       7
       8
      11
      13
       8
      11
       7
       7
      16
       8
       4
       4
       8
      11
      12
       7
       9
       6
       7
       4
       7
       9
       7
       6
      11
       8
       6
       7
       8
       4
      12
       4
       7
      10
      11
       7
      10
       9
       6
      15
       6
       7
       5
       9
       9
      10
       4
       7
       6
       1
       4
       7
       6
      11
       7
      12
       7
       9
       8
       6
       8
       4
       5
       5
      17
       8
       8
       6
       3
       2
       5
       6
       7
       5
       7
       7
      12
       9
       5
       7
       6
       8
      11
      10
       4
       6
      10
       8
       9
       4
      10
      12
      13
       6
       6
       8
       7
       5
       5
      11
      14
       8
       7
       2
      14
       5
       2
      10
       9
       6
       6
      13
       6
       6
       7
       7
       7
       1
       4
       4
       7
       2
       5
       3
       3
       2
       6
       3
       6
       6
       4
       6
       8
       7
       5
       5
       4
       3
       2
       2
       3
       6
       6
       7
       5
       6
       5
       4
       1
       3
       4
       4
       7
       4
       3
       7
       4
       7
       3
       4
       6
       5
       2
       6
       2
       3
       3
       6
       7
       7
       5
       3
       6
       4
       5
       5
       7
       8
       3
       7
       6
       5
       7
       2
       7
       5
      12
       4
       7
       6
       7
       7
       1
       4
       7
       5
       2
       6
       4
       4
       3
       4
       5
       3
       6
       9
       7
       5
       4
       3
       4
       5
       3
       5
       6
       3
       3
       3
       3
       5
       7
       4
       7
       3
       4
       6
       2
       7
       4
       2
       4
       3
       3
       1
       6
       4
       4
       3
       3
       3
       3
       3
       4
       5
       1
       5
       9
       3
       3
       5
       6
       5
       6
       4
       1
       4
       4
       3
       7
       2
       7
       3
       4
       2
       1
       5
       2
       3
       6
       4
       3
       3
       1
       2
       4
       3
       1
       3
       3
       2
       2
       3
       5
       4
       2
       3
       1
       4
       2
       3
       5
       1
       4
       2
       2
       3
       4
       5
       2
       6
       5
       2
       2
       1
       6
       0
       1
       2
       5
       6
       3
       3
       3
       5
       3
       8
       2
       3
       0
       5
       6
       4
       2
       4
       3
       8
       3
       5
       8
       8
      11
       3
       4
       6
       4
       3
       7
       7
      11
      11
       5
       4
       8
       7
       3
       4
       7
       9
       9
       8
       5
      15
       7
       9
      10
      11
      10
       6
       6
      12
      11
       4
       6
      12
      14
       7
       4
      12
       9
      10
      10
      12
       5
      10
       7
       7
       4
      10
       9
      12
      10
       6
       5
      11
       6
       6
      11
       3
       9
      11
      13
       5
      11
      11
       4
       5
       4
       5
       3
       3
       6
       8
       7
       6
       4
       2
       2
       2
       3
       3
       2
       3
       2
       1
       2
       4
       1
       2
       3
       2
       3
       2
       4
       1
       3
       1
       3
       2
       0
       2
       2
       1
       1
       1
       2
       0
       3
       1
       1
       2
       0
       2
       3
       3
       1
       2
       0
       2
       2
       1
       1
       0
       1
       0
       2
       3
       2
       0
       0
       1
       2
       3
       2
       1
       2
       2
       1
       0
       2
       2
       3
       3
       0
       3
       0
       0
       0
       1
       3
       2
       2
       2
       2
       2
       2
       2
       1
       3
       4
       3
       0
       1
       2
       3
       0
       3
       2
       0
       2
       1
       1
       0
       1
       2
       0
       4
       1
       1
       3
       2
       2
       2
       3
       3
       1
       1
       1
       1
       0
       2
       0
       1
       0
       5
       3
       2
       2
       0
       1
       1
       4
       0
       3
       1
       2
       1
       1
       2
       1
       2
       4
       2
       1
       0
       4
       0
       2
       0
       3
       3
       2
       2
       3
       1
       2
       1
       3
       2
       1
       1
       1
       1
       0
       0
       0
       2
       0
       1
       1
       3
       2
       2
       1
       0
       0
       2
       0
       0
       0
       0
       0
       0
       0
       0
       1
       2
       0
       0
       0
       2
       0
       0
       2
       0
       0
       0
       2
       1
       1
       0
       2
       0
       1
       0
       1
       0
       3
       1
       1
       0
       0
       1
       0
       0
       0
       0
       0
       0
       2
       0
       0
       0
       0
       1
       2
       0
       0
       1
       0
       0
       0
       0
       1
       0
       1
       0
       0
       1
       0
       1
       2
       0
       1
       2
$ROI:
4
10 146
279 400
564 664
667 763
$PRESETS:
None
0
0
$ENER_FIT:
0.000000 2.191293
$MCA_CAL:
3
0.000000E+000 2.191293E+000 0.000000E+000 keV
$SHAPE_CAL:
3
1.167119E+001 0.000000E+000 0.000000E+000
