$SPEC_ID:
No sample description was entered.
$SPEC_REM:
DET# 1
DETDESC# SPACESCIENCE4 digiBASE-RH SN 15121435
AP# Maestro Version 7.01
$DATE_MEA:
10/02/2024 14:46:45
$MEAS_TIM:
599 600
$DATA:
0 1023
       0
       0
       0
       0
       0
     240
     605
     343
     248
     169
     164
     214
     265
     274
     315
     252
     253
     191
     195
     187
     169
     167
     174
     192
     210
     247
     246
     276
     276
     337
     328
     380
     370
     403
     434
     438
     449
     486
     467
     506
     451
     500
     534
     477
     506
     502
     475
     499
     476
     455
     463
     430
     462
     450
     471
     448
     389
     435
     400
     404
     395
     410
     401
     416
     365
     358
     367
     371
     341
     346
     352
     307
     323
     326
     304
     312
     296
     279
     319
     236
     264
     238
     256
     248
     247
     241
     236
     235
     253
     236
     201
     248
     200
     220
     197
     213
     180
     250
     212
     189
     190
     199
     190
     168
     170
     162
     187
     181
     160
     169
     165
     149
     145
     123
     146
     131
     139
     145
     105
     134
     146
     115
     126
     121
      98
     110
     124
     127
     118
     109
      99
     122
     102
     106
      90
      87
     111
     109
      97
     109
      93
      67
      79
      93
      91
      77
      87
      96
      89
      77
      88
      78
      91
      74
      84
      75
      80
      64
      90
      67
      73
      61
      62
      62
      67
      70
      56
      64
      73
      65
      55
      55
      53
      65
      59
      57
      65
      56
      54
      48
      56
      49
      52
      47
      49
      48
      54
      47
      41
      46
      44
      42
      48
      46
      41
      44
      39
      41
      26
      39
      31
      42
      36
      51
      38
      42
      37
      45
      42
      35
      32
      23
      42
      39
      23
      46
      35
      33
      32
      40
      39
      31
      27
      39
      40
      36
      39
      41
      26
      33
      27
      40
      37
      25
      27
      21
      31
      26
      32
      30
      30
      33
      25
      29
      34
      30
      23
      28
      32
      26
      27
      30
      31
      23
      30
      29
      27
      31
      29
      27
      32
      36
      23
      26
      41
      34
      32
      31
      25
      29
      25
      30
      34
      30
      23
      27
      31
      31
      20
      27
      24
      26
      29
      28
      31
      25
      25
      28
      20
      27
      25
      27
      26
      30
      22
      22
      27
      24
      31
      16
      27
      27
      23
      17
      13
      20
      19
      21
      15
      17
      16
      24
      20
      19
      23
      17
      17
      15
      29
      12
      19
      22
      21
      23
      19
      20
      27
      16
      16
      24
      24
      12
      21
      23
      23
      11
      15
      20
      22
      15
      20
      26
      18
      17
      14
      15
      18
      18
      13
      16
      30
      22
      25
      23
       9
      16
      20
      15
      18
      19
       9
      16
      11
      21
      20
      15
      18
      16
      14
      12
      13
      16
      14
      22
       9
      14
      26
      19
      20
      15
      17
      16
       6
      17
      14
      22
      13
      13
      16
      14
      16
      18
      13
      13
      16
      13
      10
      13
      19
       9
      21
      13
      10
      16
      16
      19
       8
      17
      15
      18
      19
      10
      23
      19
      10
      15
      20
      12
       8
      16
      13
      16
       9
      12
      13
      12
      12
      10
      15
      17
      14
      13
      11
       9
      10
       5
      13
      12
      14
      12
      13
      10
       9
      10
      10
      13
      17
      10
      13
      16
      12
       8
      15
      15
      14
       8
      24
      12
      14
      11
       7
       7
      14
       7
       7
      13
      14
      14
      18
      19
      12
      16
      17
      14
       9
      16
      19
      13
      16
      11
      13
      14
      14
      18
      14
      11
      16
      23
      15
      14
       9
      14
      14
      12
      16
      12
      18
      13
      19
      13
      18
      13
      16
      13
      13
      12
      15
      18
      12
      15
       9
      14
      15
      18
       9
       9
      19
      10
      11
       6
      15
      14
      11
       8
      14
       8
      13
       5
      20
      11
      13
      15
      10
       4
      12
      16
      13
       9
       5
       5
      11
      13
      11
       9
      15
      10
      17
      10
      14
      18
       9
      10
       8
      13
      11
      15
      11
       9
      12
       8
      10
      12
       9
      14
       5
      12
      10
       7
      11
      10
      12
       6
      12
      10
      10
       9
      10
      10
      10
      10
       9
      13
       9
      10
      10
      10
       6
      15
       9
      13
      13
       8
      10
      19
      10
       4
       6
      13
      13
       6
      13
      11
       1
       4
       7
       8
       7
       6
      10
       7
       7
       8
       6
      10
       5
       6
       7
       8
      11
       8
       6
       4
       6
       5
       6
       5
       7
       2
       2
       3
       4
       5
       9
       5
      10
       7
       4
       7
       6
       8
       5
       2
       3
       7
       4
       6
       3
       4
       4
       4
       2
       4
       3
       4
       2
       6
       3
       2
       2
       3
       3
       5
       7
       4
       4
       2
       5
       4
       4
       4
       2
       0
       2
       4
       5
       3
       2
       3
       3
       3
       4
       1
       4
       2
       5
       3
       3
       2
       4
       2
       4
       4
       5
       1
       5
       4
       2
       3
       2
       4
       4
       4
       1
       2
       2
       0
       1
       2
       3
       4
       0
       0
       4
       3
       3
       3
       3
       2
       3
       3
       1
       5
       3
       3
       2
       5
       1
       2
       2
       4
       0
       4
       0
       3
       1
       2
       3
       0
       1
       1
       4
       3
       1
       3
       3
       1
       2
       0
       0
       6
       0
       1
       1
       4
       1
       1
       2
       2
       0
       0
       0
       0
       1
       1
       2
       2
       0
       2
       0
       2
       0
       0
       2
       0
       2
       3
       0
       1
       0
       0
       0
       3
       2
       1
       1
       1
       0
       0
       0
       2
       1
       0
       2
       2
       4
       3
       3
       2
       1
       2
       0
       2
       0
       1
       1
       3
       0
       0
       2
       1
       2
       2
       2
       1
       1
       0
       0
       0
       0
       2
       0
       2
       1
       0
       1
       0
       1
       1
       1
       1
       0
       2
       3
       1
       1
       0
       2
       1
       0
       1
       1
       0
       0
       1
       0
       2
       0
       0
       0
       4
       1
       1
       2
       0
       1
       0
       1
       0
       1
       0
       1
       0
       2
       0
       1
       0
       1
       0
       2
       1
       0
       0
       0
       1
       0
       1
       0
       1
       0
       0
       1
       1
       5
       0
       0
       0
       0
       1
       1
       0
       0
       4
       1
       1
       0
       1
       3
       3
       2
       0
       0
       1
       1
       0
       1
       0
       0
       1
       2
       0
       0
       0
       2
       0
       0
       1
       1
       0
       1
       3
       1
       0
       1
       0
       1
       2
       0
       4
       0
       0
       0
       0
       1
       0
       1
       1
       1
       0
       0
       0
       1
       0
       0
       0
       0
       0
       0
       0
       0
       0
       0
       2
       2
       0
       0
       2
       0
       0
       0
       0
       0
       0
       0
       0
       0
       0
       0
       0
       0
       0
       0
       0
       0
       1
       0
       1
       0
       0
       0
       1
       1
       1
       0
       0
       0
       0
       0
       1
       0
       0
       0
       0
       0
       1
       0
       2
       1
       1
       0
       0
       1
       1
       3
       0
       3
       2
       1
       1
       0
       1
       0
       0
       0
       1
       0
       1
       1
       0
       1
       0
       0
       0
       1
       0
$ROI:
2
21 38
253 337
$PRESETS:
None
0
0
$ENER_FIT:
0.000000 2.050987
$MCA_CAL:
3
0.000000E+000 2.050987E+000 0.000000E+000 keV
$SHAPE_CAL:
3
7.710171E+000 0.000000E+000 0.000000E+000
