$SPEC_ID:
No sample description was entered.
$SPEC_REM:
DET# 1
DETDESC# SPACESCIENCE4 digiBASE-RH SN 15121435
AP# Maestro Version 7.01
$DATE_MEA:
10/02/2024 15:14:25
$MEAS_TIM:
298 300
$DATA:
0 1023
       0
       0
       0
       0
       0
     627
    1770
    1153
     805
     799
     899
    1104
    1478
    1958
    2354
    2487
    2433
    2290
    1912
    1431
    1247
     982
     786
     727
     715
     730
     746
     735
     804
     807
     828
     856
     895
     833
     879
     875
     915
     975
     991
     974
    1016
    1091
    1059
    1063
    1095
    1080
    1057
    1066
    1147
    1094
    1124
    1088
    1107
    1163
    1178
    1139
    1192
    1208
    1169
    1144
    1183
    1168
    1194
    1165
    1182
    1223
    1164
    1142
    1114
    1212
    1171
    1195
    1092
    1152
    1146
    1184
    1227
    1241
    1197
    1235
    1260
    1264
    1270
    1279
    1295
    1223
    1401
    1292
    1282
    1326
    1236
    1357
    1295
    1211
    1247
    1227
    1202
    1230
    1164
    1187
    1161
    1142
    1207
    1162
    1118
    1126
    1157
    1135
    1142
    1066
    1031
    1091
    1007
     984
     923
    1042
     949
     952
     967
     999
     934
     969
     937
     875
     911
     932
     877
     872
     837
     864
     846
     813
     819
     789
     810
     785
     705
     732
     804
     765
     709
     744
     716
     710
     674
     736
     712
     675
     681
     691
     658
     693
     652
     692
     656
     602
     645
     690
     676
     653
     621
     695
     627
     659
     607
     635
     653
     592
     648
     603
     591
     594
     610
     591
     626
     651
     600
     573
     601
     597
     653
     654
     598
     610
     575
     620
     619
     584
     598
     546
     531
     549
     569
     500
     534
     520
     519
     497
     484
     415
     406
     409
     419
     433
     373
     343
     344
     334
     343
     316
     298
     270
     264
     262
     256
     218
     207
     207
     243
     182
     189
     206
     190
     189
     166
     164
     150
     140
     153
     130
     152
     117
     142
     118
     136
     133
     137
     138
     124
     126
     146
     133
     133
     150
     114
     137
     167
     160
     176
     196
     208
     219
     244
     261
     239
     300
     318
     334
     414
     440
     460
     485
     506
     577
     648
     653
     733
     793
     816
     971
     984
     970
    1076
    1140
    1085
    1227
    1276
    1319
    1308
    1485
    1411
    1439
    1446
    1497
    1445
    1490
    1527
    1556
    1482
    1379
    1423
    1379
    1359
    1353
    1294
    1206
    1152
    1133
    1106
    1057
    1013
     954
     885
     877
     775
     770
     720
     660
     651
     584
     568
     513
     479
     452
     440
     433
     384
     362
     336
     308
     308
     268
     263
     259
     235
     235
     214
     228
     192
     182
     158
     197
     144
     158
     152
     138
     125
     113
     118
     116
     125
      87
     120
      90
      82
      86
      77
      78
      86
      76
      78
      69
      62
      56
      60
      55
      43
      55
      45
      35
      47
      43
      43
      34
      42
      28
      33
      42
      23
      25
      20
      21
      25
      14
      20
      17
      26
      23
      14
      19
      14
      15
      17
      11
      14
      16
      10
      12
       7
      12
      12
      10
       9
       8
       6
       7
      11
       6
       5
       3
       8
       5
      13
       5
       5
       7
       9
       8
       3
       5
       6
       6
      10
       2
       9
       6
       3
       5
       7
       5
       5
       6
       3
       3
       3
       7
       3
       3
       7
       6
       7
       3
       4
       2
       3
       3
       4
       8
       4
       4
       6
       4
       6
       3
       3
       1
       1
       7
       3
       3
       3
       3
       8
       5
       5
       2
       2
       5
       3
       6
       5
       4
       5
       2
       1
       3
       2
       1
       2
       3
       3
       6
       4
       5
       3
       2
       3
       5
       1
       1
       4
       4
       4
       3
       3
       3
       3
       2
       6
       4
       3
       1
       1
       8
       4
       3
       4
       4
       2
       2
       4
       5
       4
       3
       6
       6
       1
       4
       6
       2
       2
       4
       6
       6
       0
       4
       3
       2
       2
       1
       6
       1
       1
       2
       1
       4
       3
       3
       1
       3
       2
       3
       9
       3
       4
       1
       4
       4
       6
       2
       3
       3
       4
       2
       3
       2
       1
       3
       3
       1
       1
       2
       0
       4
       3
       1
       2
       4
       0
       1
       1
       3
       4
       3
       3
       6
       1
       1
       2
       2
       3
       2
       0
       2
       3
       2
       1
       1
       1
       2
       2
       3
       1
       0
       2
       0
       3
       3
       3
       1
       3
       2
       1
       5
       3
       6
       2
       5
       5
       7
       7
       7
       5
       4
       3
       1
       3
       1
       1
       8
       3
       2
       1
       1
       0
       4
       3
       2
       3
       1
       2
       2
       3
       1
       1
       7
       1
       4
       0
       2
       3
       0
       0
       1
       3
       2
       1
       5
       1
       1
       1
       1
       1
       1
       1
       2
       0
       2
       1
       1
       3
       1
       1
       2
       1
       1
       5
       3
       0
       1
       4
       4
       1
       1
       2
       1
       0
       2
       2
       0
       2
       4
       1
       2
       1
       1
       3
       0
       3
       1
       0
       0
       1
       2
       2
       2
       2
       1
       0
       3
       1
       1
       1
       1
       2
       4
       0
       2
       0
       1
       1
       1
       0
       1
       2
       0
       2
       2
       1
       1
       1
       1
       2
       2
       4
       0
       0
       1
       3
       2
       0
       0
       1
       1
       2
       1
       1
       0
       0
       2
       0
       0
       4
       2
       1
       1
       0
       0
       0
       3
       0
       1
       0
       1
       1
       2
       0
       1
       2
       1
       0
       1
       1
       1
       1
       0
       1
       1
       2
       1
       0
       0
       2
       0
       0
       1
       1
       0
       1
       0
       0
       0
       1
       0
       1
       1
       1
       0
       0
       1
       0
       2
       1
       1
       0
       0
       0
       0
       0
       0
       0
       1
       0
       1
       1
       0
       0
       1
       0
       0
       1
       0
       0
       0
       2
       1
       0
       0
       0
       0
       0
       0
       0
       0
       0
       1
       0
       0
       0
       1
       0
       1
       0
       0
       2
       1
       1
       1
       1
       0
       0
       0
       0
       0
       0
       0
       2
       0
       1
       0
       0
       1
       0
       2
       0
       0
       0
       0
       0
       0
       2
       1
       0
       0
       1
       2
       0
       0
       1
       0
       0
       0
       1
       0
       1
       2
       0
       0
       0
       0
       0
       0
       0
       1
       1
       2
       0
       0
       0
       0
       0
       0
       0
       0
       0
       0
       2
       0
       0
       0
       0
       0
       0
       0
       1
       1
       2
       1
       0
       0
       0
       0
       0
       0
       0
       1
       0
       1
       0
       0
       2
       0
       0
       0
       0
       2
       1
       0
       0
       0
       0
       1
       0
       1
       0
       0
       0
       0
       2
       0
       0
       0
       2
       0
       0
       0
       0
       0
       0
       0
       0
       0
       2
       0
       0
       0
       0
       0
       0
       0
       0
       0
       0
       2
       0
       0
       1
       1
       1
       1
       0
       1
       0
       0
       0
       0
       0
       0
       0
       0
       1
       0
       0
       0
       0
       0
       0
       0
       0
       0
       0
       0
       0
       1
       1
       0
       1
       1
       0
       0
       0
       1
       1
       0
       0
       0
       0
       0
       0
       0
       0
       1
       0
       1
       0
       0
       0
       0
       0
       0
       0
       0
       2
       0
       1
       1
       0
       0
       0
       0
       0
       0
       0
       0
$ROI:
2
21 38
253 337
$PRESETS:
None
0
0
$ENER_FIT:
0.000000 2.050987
$MCA_CAL:
3
0.000000E+000 2.050987E+000 0.000000E+000 keV
$SHAPE_CAL:
3
7.710171E+000 0.000000E+000 0.000000E+000
